contig	position	indivs	MLE_q
tig00000002	4311	97	0.60117696956
tig00000002	4373	84	0.623802962158
tig00000002	8660	115	0.531389664505
tig00000002	10641	104	0.750088323739
tig00000002	10660	103	0.674875728252
tig00000002	10723	96	0.624739441332
tig00000002	10725	97	0.851145270552
tig00000002	14814	114	0.778086390094
tig00000002	14898	113	0.777373393071
tig00000002	15750	109	0.637036629403
tig00000002	15752	111	0.596903358185
tig00000002	15810	103	0.560910054419
tig00000002	17993	86	0.763506902132
tig00000004	1842	114	0.626022043699
tig00000004	1861	118	0.250873024623
tig00000004	1882	117	0.254069836993
tig00000004	1888	118	0.510989976434
tig00000004	4525	122	0.639481200597
tig00000004	4910	88	0.744062551808
tig00000004	4971	90	0.759844500144
tig00000004	8434	79	0.523843248552
tig00000004	8452	84	0.759232920595
tig00000004	8462	88	0.763520065607
tig00000004	8463	87	0.760946229359
tig00000004	8502	87	0.355356302646
tig00000004	12881	136	0.750020416521
tig00000004	12952	179	0.690134553319
tig00000004	12976	180	0.328090565046
tig00000004	13404	135	0.523518339717
tig00000004	14463	116	0.809802557956
tig00000005	3792	84	0.355448236193
tig00000005	3794	82	0.783031461484
tig00000005	3869	103	0.418901974801
tig00000005	3874	103	0.777575924258
tig00000006	4520	76	0.426411927199
tig00000006	4559	78	0.809727774019
tig00000006	4571	84	0.339425605162
tig00000006	4603	100	0.448373705983
tig00000006	4633	103	0.532586681008
tig00000006	10090	81	0.733906859533
tig00000006	11313	122	0.797144755579
tig00000006	18951	77	0.721401256442
tig00000009	14446	98	0.723234624971
tig00000009	14451	98	0.676379838455
tig00000009	15493	76	0.561006808285
tig00000009	15512	76	0.631133308798
tig00000009	21481	127	0.321494426761
tig00000009	23471	100	0.654877690327
tig00000009	23484	100	0.588309256675
tig00000009	23485	99	0.729351594135
tig00000009	23532	97	0.585276483914
tig00000009	25227	121	0.478852620124
tig00000010	1955	114	0.781146036272
tig00000010	3989	98	0.958195968481
tig00000010	4001	98	0.992876604184
tig00000010	4017	99	0.355074211715
tig00000010	4019	99	0.353568400218
tig00000010	4025	97	0.984113378616
tig00000010	4117	94	0.966890092772
tig00000010	4576	113	0.767299837961
tig00000010	6213	96	0.76873856278
tig00000010	6224	96	0.761210414867
tig00000010	6225	94	0.758246388978
tig00000010	6234	96	0.769719198038
tig00000010	6246	95	0.758737029958
tig00000010	6247	95	0.823319664487
tig00000010	6286	90	0.746838559361
tig00000010	6295	82	0.303791535671
tig00000010	6298	82	0.537865046138
tig00000010	6320	84	0.340615479772
tig00000010	6342	82	0.941296631557
tig00000010	7981	77	0.309953067173
tig00000010	7983	77	0.701978684038
tig00000010	8033	130	0.340269922878
tig00000010	8067	129	0.214978443675
tig00000010	10143	81	0.790758633109
tig00000010	10152	81	0.650688647133
tig00000010	16877	109	0.464908854695
tig00000010	16931	109	0.464320207703
tig00000012	908	80	0.510276609439
tig00000012	7175	103	0.460224406482
tig00000012	10479	80	0.467418165663
tig00000012	15468	113	0.665057444466
tig00000012	15483	111	0.510382305936
tig00000012	15525	111	0.6651300788
tig00000012	15536	76	0.520915436426
tig00000012	15619	86	0.596831603336
tig00000012	15744	113	0.244238844196
tig00000012	15846	152	0.612614648169
tig00000012	15853	153	0.692898391845
tig00000012	15937	97	0.498439469746
tig00000012	16147	84	0.307779314228
tig00000012	16304	83	0.728507056325
tig00000012	16521	102	0.706543555826
tig00000012	16614	136	0.791229632522
tig00000012	16666	109	0.701629685567
tig00000012	16714	111	0.763821523455
tig00000012	16892	97	0.41538082414
tig00000012	16911	84	0.301592397959
tig00000012	17499	79	0.649674367147
tig00000012	17561	98	0.494039948023
tig00000012	18181	112	0.584602564141
tig00000012	18260	123	0.694741862589
tig00000012	18264	125	0.560960390992
tig00000012	18285	127	0.658065334718
tig00000012	18296	122	0.579995845874
tig00000012	18300	123	0.590513973463
tig00000012	18320	123	0.592673923324
tig00000012	18496	189	0.648560028341
tig00000012	18532	137	0.671097701667
tig00000012	18582	137	0.595727620532
tig00000012	18934	111	0.639324590057
tig00000012	18944	111	0.675929933821
tig00000012	18949	111	0.675927757187
tig00000012	19040	146	0.703962154218
tig00000012	19065	110	0.754786107746
tig00000012	19108	88	0.672552129402
tig00000012	19301	94	0.505331854981
tig00000013	13647	91	0.636395367112
tig00000016	13514	106	0.328342815886
tig00000016	13525	107	0.329434193148
tig00000016	13582	108	0.330468546236
tig00000016	13612	108	0.329465205009
tig00000018	3328	106	0.777090062208
tig00000018	3345	108	0.415342718659
tig00000018	3439	101	0.506221099163
tig00000018	14015	94	0.505203096013
tig00000018	14027	94	0.527883941175
tig00000018	14076	93	0.628447979315
tig00000018	14091	95	0.643448802867
tig00000018	14103	92	0.42218103831
tig00000018	15596	81	0.664560513706
tig00000018	15607	81	0.499133253727
tig00000018	15634	79	0.654075684151
tig00000018	18940	127	0.66439695453
tig00000018	18945	126	0.546604849931
tig00000018	19066	125	0.609157288442
tig00000018	19089	125	0.607820004857
tig00000018	23174	104	0.65653465433
tig00000018	23950	165	0.811622598798
tig00000018	23954	165	0.6346650308
tig00000018	23965	166	0.638250128495
tig00000018	31584	93	0.681477286227
tig00000019	4464	170	0.791087619653
tig00000019	6993	91	0.550446532265
tig00000019	7048	90	0.555324964068
tig00000019	7051	90	0.496283550476
tig00000019	7070	88	0.493429428693
tig00000019	7626	176	0.49979631915
tig00000019	7661	177	0.736839492038
tig00000019	7736	178	0.520575026754
tig00000019	7740	178	0.646475691654
tig00000019	7746	177	0.499277467633
tig00000019	7758	178	0.639634030835
tig00000019	7790	165	0.747511369777
tig00000019	7815	166	0.758464202194
tig00000019	7847	166	0.543239811082
tig00000019	7878	200	0.624747979817
tig00000019	7879	200	0.651007943712
tig00000019	7896	199	0.391304987004
tig00000019	7916	115	0.959968839602
tig00000019	7921	112	0.968891995116
tig00000019	7956	115	0.081189681937
tig00000019	8046	175	0.453744860771
tig00000019	8050	176	0.718835933424
tig00000019	8068	174	0.550672912915
tig00000019	8070	175	0.573954730454
tig00000019	8088	175	0.454848176661
tig00000019	8133	223	0.694073890492
tig00000019	8139	223	0.576782634349
tig00000019	8143	179	0.57597293415
tig00000019	8148	179	0.587260899974
tig00000019	8176	180	0.584190571034
tig00000019	8182	182	0.58763579784
tig00000019	8206	184	0.583083180769
tig00000019	8207	185	0.582740614618
tig00000019	8234	184	0.581213143899
tig00000019	8239	182	0.606117105383
tig00000019	8253	184	0.70739477296
tig00000019	8262	184	0.612484018373
tig00000019	8415	88	0.726199156055
tig00000019	8459	93	0.154820725034
tig00000019	8631	78	0.473782851014
tig00000019	8678	79	0.690469623007
tig00000019	8913	102	0.209441031336
tig00000019	12060	138	0.567284570474
tig00000019	12564	90	0.335878877241
tig00000019	12930	115	0.433307737652
tig00000019	12968	115	0.597919807786
tig00000019	13025	93	0.563366601575
tig00000019	14499	134	0.460557838467
tig00000019	14502	130	0.477337805382
tig00000019	14527	130	0.575499438525
tig00000019	14528	127	0.569139691075
tig00000019	14529	132	0.469733246375
tig00000020	3710	120	0.716820457686
tig00000020	3764	118	0.698231231939
tig00000020	5781	100	0.555820289665
tig00000020	6314	115	0.754501448324
tig00000020	6688	167	0.593390791148
tig00000020	6730	173	0.610056802592
tig00000020	7370	80	0.64260638719
tig00000020	7401	78	0.646369004569
tig00000020	8314	173	0.582984494928
tig00000020	8427	173	0.406841909416
tig00000020	20401	134	0.735883155143
tig00000020	20498	157	0.68493759654
tig00000020	20529	157	0.770211611404
tig00000024	5972	83	0.750018251645
tig00000024	5986	80	0.464559961152
tig00000024	5996	81	0.745682874372
tig00000024	5999	80	0.740843304254
tig00000024	6002	81	0.689677774413
tig00000024	6009	83	0.750026570655
tig00000024	6057	83	0.69565631504
tig00000024	6060	82	0.636500472492
tig00000024	13505	87	0.272987553688
tig00000024	13511	87	0.276774774997
tig00000024	13544	85	0.276949073713
tig00000024	13553	85	0.280331217912
tig00000025	4504	96	0.370592093746
tig00000025	4593	99	0.663168569819
tig00000026	1842	121	0.527911969631
tig00000027	5204	106	0.189157112346
tig00000027	5231	102	0.180101284222
tig00000027	5233	104	0.185237164536
tig00000027	17443	106	0.374584439734
tig00000027	17480	106	0.709013005967
tig00000029	10967	76	0.374587602393
tig00000029	10975	76	0.376258942859
tig00000029	10976	76	0.372950279319
tig00000029	11024	80	0.405885484464
tig00000029	11051	87	0.474899628276
tig00000029	11443	89	0.751932889891
tig00000029	11487	103	0.489929067291
tig00000029	11507	102	0.494088073439
tig00000029	13347	119	0.800743313936
tig00000029	13407	119	0.790402743775
tig00000029	13439	118	0.261615736658
tig00000032	1151	83	0.759039824071
tig00000032	16960	81	0.684032503411
tig00000032	16998	85	0.250449669857
tig00000032	17009	84	0.781484170568
tig00000032	17025	83	0.260890045806
tig00000032	17426	132	0.274252227952
tig00000033	12953	135	0.777777167419
tig00000033	13287	105	0.764447097295
tig00000033	13920	109	0.509269300957
tig00000033	14932	89	0.532913339499
tig00000033	14971	83	0.690840604174
tig00000033	15068	116	0.746548351171
tig00000033	15093	113	0.631391527303
tig00000033	15139	114	0.700174083634
tig00000033	15188	88	0.713501869546
tig00000033	16792	100	0.663060255491
tig00000033	16822	103	0.56872019387
tig00000033	16844	119	0.603914217756
tig00000033	16866	116	0.726217716971
tig00000033	16871	118	0.738750152095
tig00000033	17271	93	0.435510748588
tig00000033	17284	94	0.621668546848
tig00000033	21074	118	0.748862347332
tig00000033	21107	120	0.678037452559
tig00000033	25451	84	0.80647847091
tig00000033	25549	94	0.796661446807
tig00000033	39339	101	0.288113146302
tig00000033	39341	102	0.788340194695
tig00000033	48690	76	0.753427659953
tig00000033	49806	90	0.6877281598
tig00000033	49810	89	0.695283600851
tig00000033	49827	102	0.669024479197
tig00000033	49829	102	0.455140261679
tig00000033	49839	104	0.583229178318
tig00000033	49857	103	0.764884500136
tig00000033	49893	101	0.251918024472
tig00000033	50509	83	0.547401888078
tig00000033	50515	84	0.58950092392
tig00000033	50521	89	0.547354263086
tig00000033	50547	88	0.523701925828
tig00000033	50558	87	0.491152064225
tig00000033	58392	80	0.532013145197
tig00000033	58410	80	0.54374820478
tig00000033	63399	86	0.297331903052
tig00000033	63415	87	0.299727284767
tig00000033	63430	85	0.285288081092
tig00000033	63446	87	0.252590640375
tig00000033	63453	86	0.731458048948
tig00000033	63460	86	0.668639578239
tig00000033	65686	89	0.518362095691
tig00000033	66113	112	0.72176733028
tig00000033	66734	76	0.750458906623
tig00000033	66754	77	0.680100046952
tig00000033	71245	105	0.686097916228
tig00000033	71247	106	0.631191484911
tig00000033	71305	105	0.718915541849
tig00000033	71328	104	0.555961203717
tig00000033	72410	100	0.725718444642
tig00000033	72429	101	0.453511581822
tig00000033	72466	102	0.716421390705
tig00000033	72481	101	0.605297841628
tig00000033	72491	103	0.722523650743
tig00000033	72506	97	0.504970354787
tig00000033	80314	98	0.776657257255
tig00000033	80342	101	0.645057536432
tig00000033	80349	100	0.247557708758
tig00000033	80355	100	0.223040744277
tig00000033	80774	98	0.730159616532
tig00000033	80785	96	0.2237174431
tig00000033	81154	101	0.792712564224
tig00000033	81187	105	0.530456109445
tig00000033	85155	133	0.787457475074
tig00000033	85176	132	0.749825962573
tig00000033	85202	130	0.430120735979
tig00000033	85259	158	0.548265662383
tig00000033	85280	130	0.650700114342
tig00000033	85336	130	0.68619569722
tig00000033	85337	132	0.69039488693
tig00000033	85361	131	0.516312150455
tig00000033	85383	77	0.740010493146
tig00000033	87091	93	0.548483457965
tig00000033	87110	92	0.258419882841
tig00000033	87161	93	0.442714782043
tig00000033	87373	107	0.784358288292
tig00000033	87393	106	0.743061092309
tig00000033	87414	105	0.734662585065
tig00000033	87436	105	0.653154138586
tig00000033	87444	107	0.776596791798
tig00000033	87457	105	0.77303722198
tig00000033	87464	107	0.776568916461
tig00000033	90202	120	0.794446591146
tig00000033	92839	77	0.711936476125
tig00000033	92899	113	0.353847001739
tig00000033	92924	121	0.775657003056
tig00000033	92936	113	0.753924521206
tig00000033	93050	193	0.368011651355
tig00000033	93237	97	0.670969638774
tig00000033	93247	96	0.631019347069
tig00000033	93266	98	0.393338961059
tig00000033	93283	98	0.44893669201
tig00000033	93292	97	0.682878864322
tig00000033	93324	95	0.695588628652
tig00000033	93385	86	0.254615416209
tig00000033	93420	117	0.77288704454
tig00000033	93437	128	0.571053086153
tig00000033	93438	128	0.700047209152
tig00000033	93446	117	0.67842167644
tig00000033	93478	127	0.732159455745
tig00000033	93485	124	0.74147284202
tig00000033	96415	134	0.382064199311
tig00000033	96445	139	0.402911214394
tig00000033	99309	83	0.593585868794
tig00000033	99317	85	0.497525236861
tig00000036	19577	88	0.701148304668
tig00000036	19809	86	0.57180594678
tig00000036	19819	85	0.567489406674
tig00000036	21845	80	0.560309239207
tig00000038	2647	93	0.491910163616
tig00000038	2655	92	0.62359847189
tig00000038	2662	95	0.683434221813
tig00000038	2676	95	0.679164110998
tig00000038	18457	119	0.430175814492
tig00000039	18149	99	0.578470875181
tig00000039	22867	105	0.251886594897
tig00000039	22869	105	0.953082957671
tig00000039	22922	103	0.913011314155
tig00000039	25033	106	0.45143588502
tig00000039	25065	105	0.495566123807
tig00000039	39374	82	0.698611286892
tig00000039	39449	86	0.347691645698
tig00000039	39451	85	0.661663382042
tig00000039	39458	85	0.486793042001
tig00000039	40452	134	0.244633498267
tig00000039	42295	81	0.423473972555
tig00000039	42296	83	0.652412858405
tig00000039	42388	76	0.711335053579
tig00000042	34021	128	0.364911317207
tig00000042	34055	128	0.66273349919
tig00000042	34078	128	0.336942159793
tig00000042	34092	101	0.344307827403
tig00000042	34093	103	0.339289076936
tig00000042	34107	103	0.663645354368
tig00000042	34122	102	0.335755227417
tig00000042	34132	103	0.665795885786
tig00000042	34138	103	0.33186986767
tig00000042	34139	103	0.331866661218
tig00000042	34141	102	0.338357999338
tig00000042	34146	101	0.320061368433
tig00000042	34150	101	0.682531348108
tig00000042	34152	99	0.346703811736
tig00000042	34153	100	0.677186635852
tig00000042	34155	100	0.678644313761
tig00000042	34161	101	0.3138748562
tig00000042	34162	101	0.67993680784
tig00000042	34167	99	0.674146474684
tig00000042	34178	131	0.755342986966
tig00000042	34179	133	0.24205369724
tig00000042	34180	133	0.758311436137
tig00000042	34187	131	0.754068926481
tig00000042	34210	133	0.49839670384
tig00000042	34458	104	0.229610893627
tig00000042	34460	102	0.460708165118
tig00000042	34470	101	0.709647958904
tig00000042	34482	104	0.473623275322
tig00000042	34529	150	0.545343366727
tig00000042	34916	122	0.12885477141
tig00000042	34923	123	0.994134498467
tig00000042	35020	194	0.561936279966
tig00000042	35089	195	0.630402115577
tig00000042	35134	196	0.605350480126
tig00000042	35152	195	0.569096561615
tig00000042	35155	196	0.727001125897
tig00000042	35307	160	0.669739126668
tig00000042	35320	158	0.712578437814
tig00000042	35365	199	0.650743980339
tig00000042	35374	198	0.633465711031
tig00000042	35387	196	0.592834225459
tig00000042	35390	197	0.640957502398
tig00000042	35397	198	0.632251408031
tig00000042	35401	198	0.632087258891
tig00000042	35416	197	0.590656664667
tig00000042	35431	132	0.657224959325
tig00000042	35451	134	0.487059103755
tig00000042	35460	134	0.757994035522
tig00000042	35475	134	0.650061257043
tig00000042	35476	134	0.650061257043
tig00000044	282	99	0.360345574876
tig00000044	586	86	0.369447081061
tig00000044	658	98	0.315205413622
tig00000044	665	99	0.710135556988
tig00000044	694	98	0.731694526046
tig00000044	695	100	0.735734383599
tig00000044	714	86	0.1798566408
tig00000044	7473	147	0.735329468808
tig00000044	7514	149	0.712296168138
tig00000044	7542	149	0.747311779508
tig00000044	10088	173	0.674844045999
tig00000044	10142	175	0.551792275871
tig00000044	10181	175	0.98380737245
tig00000044	10219	154	0.616975468008
tig00000044	15338	101	0.744293439253
tig00000044	15369	103	0.258578013816
tig00000044	17392	132	0.778314605695
tig00000044	17396	132	0.524420276809
tig00000044	19801	146	0.46694350526
tig00000044	19898	138	0.768970915338
tig00000044	20010	113	0.386108016723
tig00000051	3551	114	0.369584748241
tig00000051	3552	112	0.366443010839
tig00000051	5044	78	0.679263655162
tig00000051	5188	93	0.552035514609
tig00000051	5205	80	0.668663276137
tig00000051	5234	102	0.651688351258
tig00000051	5243	105	0.568594426422
tig00000051	5246	105	0.640926508643
tig00000051	5254	105	0.644464678014
tig00000051	5267	106	0.781737347055
tig00000051	5273	107	0.391444990463
tig00000051	5274	106	0.669110277089
tig00000051	5280	108	0.41426917103
tig00000051	5308	84	0.369416212932
tig00000051	5982	93	0.61925725383
tig00000051	5985	94	0.616988307512
tig00000051	5990	93	0.741878637931
tig00000051	9776	120	0.29177645419
tig00000051	9993	116	0.764410006586
tig00000051	10231	133	0.739277461506
tig00000051	10302	109	0.439747850385
tig00000051	10310	110	0.467647762557
tig00000051	10347	110	0.321763628609
tig00000051	10373	94	0.712315649561
tig00000051	10845	82	0.178435713626
tig00000051	13305	82	0.551076630747
tig00000051	13392	85	0.668417879876
tig00000051	13657	81	0.38068644017
tig00000051	13872	86	0.509578145648
tig00000051	15424	124	0.791013596472
tig00000051	15962	88	0.509904462157
tig00000051	19487	110	0.800017680128
tig00000051	20984	93	0.744979939551
tig00000051	22571	96	0.467915136559
tig00000051	22675	87	0.635458170232
tig00000051	22922	103	0.408935843562
tig00000051	23568	101	0.306557867822
tig00000051	23571	94	0.293201979402
tig00000051	23903	119	0.346623825193
tig00000051	24301	90	0.737414822432
tig00000051	25022	80	0.673290232281
tig00000051	25422	99	0.383847728054
tig00000053	8453	85	0.696324270305
tig00000053	8473	83	0.691283800541
tig00000053	8515	83	0.701000745738
tig00000054	8019	152	0.757130954905
tig00000054	8047	113	0.68098514765
tig00000054	8102	115	0.787755609042
tig00000054	16238	109	0.706854913516
tig00000054	16287	78	0.0190914903685
tig00000057	10245	120	0.7003918198
tig00000057	10248	122	0.318918217475
tig00000057	10257	121	0.779605631887
tig00000057	10273	112	0.231472879191
tig00000057	10284	111	0.238459766272
tig00000057	10289	111	0.237153422529
tig00000057	10343	119	0.224973408136
tig00000057	11594	77	0.222533077964
tig00000057	11599	114	0.209680922715
tig00000057	11627	112	0.211672646977
tig00000057	11653	114	0.791330923369
tig00000057	11698	87	0.496874984413
tig00000057	11699	86	0.762433591431
tig00000057	11731	76	0.361801670867
tig00000057	11937	93	0.383924765198
tig00000057	11952	93	0.383924568418
tig00000057	11964	92	0.397031039148
tig00000057	11997	93	0.391203208506
tig00000057	12026	93	0.506169791388
tig00000057	12481	91	0.745503273481
tig00000057	14536	129	0.203556482214
tig00000057	14640	89	0.25950772643
tig00000057	14642	90	0.817553285732
tig00000057	24754	143	0.461894832837
tig00000057	25693	186	0.706641265693
tig00000057	25784	124	0.485705230132
tig00000057	25807	114	0.322318225022
tig00000057	25890	112	0.770003040101
tig00000057	26072	106	0.766811454984
tig00000057	26866	153	0.768331858788
tig00000057	27042	95	0.490823820868
tig00000057	27064	95	0.726776542832
tig00000057	27223	82	0.23521798302
tig00000057	28736	91	0.327843524307
tig00000057	28747	83	0.279938295318
tig00000057	28765	87	0.465696474643
tig00000057	28801	102	0.756624843958
tig00000057	28816	98	0.630043611876
tig00000057	49667	81	0.808572238914
tig00000057	49675	79	0.363777619493
tig00000057	49680	81	0.515511494371
tig00000057	49713	80	0.743660234144
tig00000057	49719	80	0.797787954999
tig00000057	49726	80	0.809483700576
tig00000057	49728	79	0.51046881908
tig00000057	49736	80	0.742016962859
tig00000057	49737	80	0.797361627333
tig00000057	49782	107	0.763487819566
tig00000057	49810	77	0.712813629483
tig00000057	49817	78	0.556873196071
tig00000057	49847	79	0.79628133876
tig00000057	49849	78	0.358455635839
tig00000057	49862	79	0.518339875469
tig00000057	49873	79	0.795441575844
tig00000057	63165	76	0.783863323201
tig00000057	63574	93	0.359032925032
tig00000057	63582	109	0.430217200333
tig00000057	63633	115	0.460084978376
tig00000057	63643	111	0.534272199382
tig00000057	63671	90	0.250997494168
tig00000057	66428	104	0.211650206908
tig00000057	66441	142	0.746711227327
tig00000057	66445	150	0.237949734865
tig00000057	66482	147	0.417954292796
tig00000057	67075	110	0.299922091376
tig00000057	67104	110	0.298362449271
tig00000057	67116	109	0.294792554854
tig00000057	67161	119	0.425948157875
tig00000057	67177	102	0.51729909409
tig00000057	69909	87	0.233001862443
tig00000057	69937	87	0.293648646487
tig00000057	69938	87	0.765461281863
tig00000057	69939	86	0.227112728024
tig00000057	69946	86	0.235405116733
tig00000057	70827	118	0.269149711587
tig00000057	70880	123	0.264868103724
tig00000057	70977	115	0.730822748662
tig00000057	70992	115	0.799172393566
tig00000057	71010	114	0.575413639004
tig00000057	71016	112	0.717885281319
tig00000057	71048	104	0.671671240429
tig00000057	71050	102	0.365949825162
tig00000057	71053	99	0.652689558519
tig00000057	71062	86	0.584515060919
tig00000057	71074	87	0.59781495634
tig00000057	71105	79	0.533839837597
tig00000057	77941	86	0.508590692021
tig00000057	77942	85	0.499552271465
tig00000057	77974	84	0.504112053808
tig00000057	77977	84	0.792575542222
tig00000057	77992	84	0.628397626014
tig00000057	78013	86	0.517195654855
tig00000057	78016	87	0.773983156884
tig00000057	78065	128	0.58957902954
tig00000057	78108	95	0.44235769514
tig00000057	78136	92	0.456858995609
tig00000057	78139	95	0.464942930874
tig00000057	78541	108	0.717088160099
tig00000057	78571	129	0.6309094995
tig00000057	78572	127	0.60524835378
tig00000057	78607	125	0.734814451476
tig00000057	78628	101	0.778432942381
tig00000057	84560	92	0.693420227439
tig00000057	84617	78	0.290689974615
tig00000057	84844	87	0.277572649935
tig00000057	84864	81	0.286742450517
tig00000057	84879	85	0.722051866321
tig00000057	89561	86	0.670216393271
tig00000057	89568	86	0.669938263292
tig00000057	89586	87	0.668068665143
tig00000057	89592	86	0.658346422763
tig00000057	89607	89	0.66636529477
tig00000057	89621	89	0.672955067345
tig00000057	89624	90	0.994595452871
tig00000057	89634	89	0.680048137339
tig00000057	89640	90	0.671254092274
tig00000057	89649	90	0.334175072101
tig00000057	89654	90	0.671259810269
tig00000057	89669	90	0.668228271984
tig00000057	89670	90	0.669444929389
tig00000057	89673	89	0.666448295858
tig00000057	89694	88	0.672928782546
tig00000057	89698	89	0.676417486044
tig00000057	89700	89	0.675678685541
tig00000057	96374	202	0.398028962567
tig00000057	113206	108	0.353822667532
tig00000057	113245	107	0.359116329578
tig00000057	120754	112	0.494626220513
tig00000057	120776	116	0.752548962911
tig00000057	120783	110	0.793532355038
tig00000057	120832	84	0.564854846137
tig00000057	121519	92	0.782884406032
tig00000057	122563	89	0.618211992299
tig00000057	122571	90	0.68224484686
tig00000057	122595	143	0.600084872583
tig00000057	122604	143	0.736006778163
tig00000057	122616	144	0.740517301538
tig00000057	122628	118	0.430025741211
tig00000057	122631	116	0.665162311505
tig00000057	122665	115	0.39829146513
tig00000057	123081	124	0.588366932901
tig00000057	123100	135	0.712871891258
tig00000057	123114	134	0.747833752059
tig00000057	123146	172	0.686606003011
tig00000057	123147	170	0.687663205642
tig00000057	123149	171	0.668272525247
tig00000057	123158	171	0.411482424226
tig00000057	123194	169	0.701756212149
tig00000057	123217	151	0.711058920008
tig00000057	123226	112	0.689844853242
tig00000057	123230	113	0.739103323676
tig00000057	123237	111	0.751882450006
tig00000057	123272	93	0.756997154746
tig00000057	123638	106	0.399453662138
tig00000057	123648	106	0.408067266265
tig00000057	123693	108	0.649573651695
tig00000057	124186	124	0.400381860852
tig00000057	124205	121	0.656873853768
tig00000057	124568	124	0.73640376502
tig00000057	124626	142	0.31473499014
tig00000057	124653	143	0.705390253176
tig00000057	124672	141	0.6820524987
tig00000057	124892	104	0.755615866233
tig00000057	125042	98	0.244518772705
tig00000057	125043	97	0.332116135659
tig00000057	125048	98	0.768028086547
tig00000057	125166	106	0.725535992729
tig00000057	125356	109	0.613283427327
tig00000057	125558	115	0.52318353347
tig00000057	125566	114	0.616860022186
tig00000057	125658	154	0.678549367484
tig00000057	125696	153	0.659838575065
tig00000057	125768	108	0.652761206925
tig00000057	126396	110	0.317296437519
tig00000057	127012	121	0.773334811769
tig00000057	127087	141	0.506192267557
tig00000057	127124	98	0.390828260418
tig00000057	127644	159	0.493257543701
tig00000057	128073	136	0.648551859919
tig00000057	128204	97	0.654372433241
tig00000057	128276	144	0.64290201151
tig00000057	128346	108	0.273960149513
tig00000057	128476	117	0.362589957884
tig00000057	128550	81	0.436763802999
tig00000057	129347	87	0.475391803025
tig00000057	129385	88	0.779324626036
tig00000057	129386	88	0.504204404643
tig00000057	129406	89	0.779546237299
tig00000057	132007	77	0.738549177651
tig00000057	132531	82	0.697300178346
tig00000057	134297	110	0.446856348475
tig00000057	134308	110	0.758022083344
tig00000057	134333	109	0.772767539527
tig00000057	134613	119	0.884986355012
tig00000057	134630	121	0.87593762208
tig00000057	135535	103	0.717148687731
tig00000057	135541	102	0.39653054824
tig00000057	135550	105	0.198705130782
tig00000057	135551	104	0.371087037285
tig00000057	135560	102	0.780645818032
tig00000057	135561	102	0.363163874555
tig00000057	135563	104	0.358830305443
tig00000057	135584	109	0.7434760831
tig00000057	135585	124	0.501249995619
tig00000057	135594	108	0.399817034026
tig00000057	135999	101	0.800935899611
tig00000057	136172	118	0.644524151807
tig00000057	136251	120	0.721001845753
tig00000057	136325	138	0.837849015996
tig00000057	136341	168	0.246729221834
tig00000057	136382	178	0.420787788939
tig00000057	136449	131	0.217787304388
tig00000057	136778	102	0.368066223881
tig00000057	136795	102	0.32098930277
tig00000057	137855	82	0.687401118189
tig00000057	137865	81	0.782273893959
tig00000057	138482	79	0.707027960826
tig00000057	138522	81	0.748737236007
tig00000057	138599	81	0.287850902377
tig00000057	138629	82	0.77478690761
tig00000057	138630	80	0.289511698427
tig00000057	138646	80	0.779166391034
tig00000057	138649	79	0.292405738884
tig00000057	138656	82	0.280128291614
tig00000057	138661	82	0.30327277619
tig00000057	138754	84	0.214383329903
tig00000057	138782	84	0.680040175889
tig00000057	138786	83	0.735651154675
tig00000057	138789	82	0.397803538779
tig00000057	138793	83	0.402488445722
tig00000057	139189	162	0.485053647319
tig00000057	139199	166	0.481511688132
tig00000057	142381	108	0.588087910886
tig00000057	142382	104	0.588855799974
tig00000057	144253	83	0.683999597225
tig00000057	144324	89	0.728627738894
tig00000057	144338	89	0.755741146456
tig00000057	144438	81	0.733344347529
tig00000057	144539	77	0.80704660006
tig00000057	144806	81	0.568093697677
tig00000057	144821	80	0.75640427548
tig00000057	144823	80	0.759745737548
tig00000057	144824	80	0.759745231118
tig00000057	144891	101	0.71208813643
tig00000057	144914	85	0.651883907357
tig00000057	145013	83	0.683583334346
tig00000057	145073	83	0.789899698664
tig00000057	145093	114	0.533919392477
tig00000057	145103	114	0.780242518311
tig00000057	145113	115	0.786856405001
tig00000057	145977	94	0.26258795001
tig00000057	146019	96	0.187857836796
tig00000057	146024	94	0.191018596397
tig00000057	146050	96	0.188502902398
tig00000057	147063	93	0.738486848443
tig00000057	147078	95	0.76472248355
tig00000057	147095	105	0.797712223432
tig00000057	147161	79	0.662017487477
tig00000057	148569	80	0.642236974935
tig00000057	148643	91	0.715831196192
tig00000057	148674	118	0.428969938609
tig00000057	148675	117	0.634495291882
tig00000057	148685	118	0.638441965322
tig00000057	148693	117	0.68504146736
tig00000057	148706	78	0.661955415515
tig00000057	149783	89	0.556828541934
tig00000057	150712	77	0.690585246059
tig00000057	156121	101	0.676995046891
tig00000057	156137	103	0.451998522578
tig00000057	156147	104	0.664817522175
tig00000057	156160	102	0.745760666654
tig00000057	159414	97	0.76482651145
tig00000057	159427	97	0.744721485189
tig00000057	161357	85	0.816082307156
tig00000057	161462	84	0.699594635956
tig00000057	165770	136	0.563377845655
tig00000057	165772	139	0.597531080618
tig00000057	165785	132	0.371419985909
tig00000057	165802	121	0.459765013449
tig00000057	165813	122	0.539813784422
tig00000057	165828	124	0.471728892278
tig00000057	165835	123	0.468322166481
tig00000058	27646	80	0.795746429165
tig00000058	27649	80	0.204252780136
tig00000058	27666	79	0.805674092634
tig00000058	27667	81	0.800272874915
tig00000058	27726	125	0.204740983128
tig00000058	27731	127	0.792963417429
tig00000062	6951	158	0.666203443341
tig00000062	6955	159	0.721569009015
tig00000062	6982	163	0.716320496817
tig00000062	7065	114	0.506219739406
tig00000062	7076	145	0.647207973753
tig00000068	80	109	0.2538183519
tig00000068	2595	113	0.100007333278
tig00000068	2615	111	0.0752397482437
tig00000068	2673	171	0.975621349478
tig00000068	3379	93	0.659061043975
tig00000068	3380	92	0.655820306544
tig00000068	3419	94	0.362618532795
tig00000068	3424	96	0.646968031896
tig00000068	3433	95	0.632381014212
tig00000068	3487	98	0.631073675112
tig00000068	3488	87	0.727115114752
tig00000068	16867	93	0.7623272069
tig00000069	15675	104	0.522408674901
tig00000069	15683	101	0.533353503643
tig00000069	15714	103	0.508105697791
tig00000069	15723	106	0.667733990921
tig00000069	15770	106	0.525536686663
tig00000069	15772	104	0.509733482398
tig00000069	15774	104	0.514321077224
tig00000069	15801	85	0.62556230358
tig00000071	8690	114	0.347308773692
tig00000071	8695	113	0.692522517901
tig00000071	8706	116	0.981607977137
tig00000071	8736	116	0.978385111049
tig00000072	16515	84	0.357937403861
tig00000072	16523	147	0.304803183934
tig00000072	16548	175	0.718696458225
tig00000072	16567	174	0.763111162844
tig00000072	16614	148	0.298046320862
tig00000072	16629	124	0.377415005399
tig00000072	16643	118	0.338733004234
tig00000072	16656	120	0.340874112354
tig00000072	16659	109	0.738263572466
tig00000072	16872	77	0.673144761392
tig00000072	16875	76	0.643197089662
tig00000072	16882	76	0.566469788579
tig00000072	16883	77	0.705441705809
tig00000072	16888	76	0.650406181425
tig00000072	16913	76	0.640084768361
tig00000072	16932	76	0.672229935292
tig00000072	18010	83	0.672545338645
tig00000072	18041	81	0.515986603351
tig00000072	18047	76	0.685797793483
tig00000073	11067	85	0.742444852897
tig00000073	17379	146	0.66676475742
tig00000073	17511	102	0.798499173173
tig00000074	5464	80	0.370195018585
tig00000074	5509	76	0.485368124868
tig00000074	5602	77	0.280539810295
tig00000074	9770	111	0.732385173547
tig00000074	9793	111	0.635664451501
tig00000074	9818	110	0.761496887983
tig00000074	9845	109	0.724053640368
tig00000074	9851	108	0.755774736466
tig00000074	9893	109	0.758441484742
tig00000076	4964	179	0.507990519078
tig00000076	4998	178	0.327541071855
tig00000076	5004	183	0.801735330268
tig00000076	5070	171	0.179430220367
tig00000076	5091	169	0.766444306038
tig00000076	5093	168	0.495593577694
tig00000076	8192	88	0.766841122847
tig00000076	8204	88	0.799093955718
tig00000076	8207	87	0.342492723422
tig00000076	8219	86	0.450761786312
tig00000076	8235	86	0.742648257458
tig00000076	8306	128	0.705563606484
tig00000076	8313	129	0.746897833235
tig00000076	8337	78	0.578677027098
tig00000076	8360	78	0.687663094026
tig00000076	8365	78	0.687660116516
tig00000076	9502	170	0.822836096025
tig00000076	9514	171	0.534492400724
tig00000077	18182	103	0.632257319584
tig00000083	6513	126	0.264819003428
tig00000083	6548	127	0.283908070402
tig00000083	8092	143	0.323368516801
tig00000083	10267	127	0.407573262626
tig00000083	12362	91	0.322921320088
tig00000083	12476	88	0.357526977244
tig00000083	12498	89	0.5645073796
tig00000083	12499	88	0.569771756044
tig00000083	12606	92	0.627573719753
tig00000083	12666	94	0.364173217348
tig00000083	22139	88	0.332783676482
tig00000083	22235	89	0.754620961445
tig00000083	22471	108	0.477090180801
tig00000083	22624	101	0.798169858379
tig00000083	22889	97	0.788028820752
tig00000083	23928	91	0.670011529304
tig00000083	23970	93	0.811066306571
tig00000083	24756	84	0.692494004288
tig00000083	24823	81	0.671693266155
tig00000083	24854	101	0.623332131792
tig00000083	24976	94	0.641487935915
tig00000083	25394	94	0.791433443681
tig00000083	25447	131	0.562028689739
tig00000083	25504	114	0.666159998603
tig00000083	25511	115	0.770249077811
tig00000083	26050	88	0.537894548567
tig00000083	26063	88	0.535237820496
tig00000083	26083	122	0.733752320323
tig00000083	26516	115	0.820568466702
tig00000083	26521	115	0.613038067587
tig00000083	26583	112	0.744872663446
tig00000083	26678	121	0.452495966708
tig00000083	26866	101	0.667947978504
tig00000083	26903	103	0.690817563396
tig00000083	27160	113	0.747476714842
tig00000083	27183	114	0.791097933506
tig00000083	28662	76	0.730388284733
tig00000083	28694	82	0.717336134872
tig00000083	31475	102	0.745523674229
tig00000083	31663	85	0.690056264909
tig00000083	31708	87	0.802378289756
tig00000083	32742	105	0.747569788944
tig00000083	32774	105	0.544837899769
tig00000083	33071	80	0.651798372222
tig00000083	34251	92	0.640477858221
tig00000083	34884	79	0.639109855025
tig00000083	34889	78	0.62631391894
tig00000083	35673	153	0.691106960144
tig00000083	35749	100	0.689238336395
tig00000083	36195	96	0.7512079795
tig00000083	37094	89	0.653396262148
tig00000083	37193	91	0.655641038146
tig00000083	38144	102	0.713500100052
tig00000083	38312	106	0.200913136958
tig00000083	40469	94	0.391453893246
tig00000083	40494	87	0.486525024357
tig00000083	40903	110	0.560752031878
tig00000083	42046	95	0.778722986228
tig00000083	42137	147	0.355715281516
tig00000083	42204	102	0.713968664761
tig00000083	46797	179	0.572185503319
tig00000083	47816	119	0.611799896614
tig00000083	47844	119	0.616351599381
tig00000083	47882	119	0.549818954222
tig00000083	47976	118	0.654537631991
tig00000083	48634	142	0.764591430175
tig00000083	48636	141	0.766872717689
tig00000083	48743	109	0.742540322318
tig00000083	48800	107	0.670468495634
tig00000083	49499	96	0.590873781626
tig00000083	49517	111	0.289645985116
tig00000083	49600	137	0.342416302513
tig00000083	49618	89	0.467167166578
tig00000083	49622	88	0.427331697763
tig00000083	49647	88	0.225395991283
tig00000083	50495	92	0.611671927683
tig00000083	50496	88	0.541604084077
tig00000083	50545	88	0.525910193439
tig00000083	50562	94	0.57244390282
tig00000083	51122	96	0.76562654895
tig00000083	51180	82	0.280202598696
tig00000083	51184	80	0.722156678612
tig00000083	52368	93	0.82608567277
tig00000083	52378	92	0.80236714802
tig00000083	52471	118	0.81217520984
tig00000083	52512	118	0.633387602998
tig00000083	54764	140	0.625491313463
tig00000083	55007	112	0.605283506455
tig00000083	55011	113	0.400797309036
tig00000083	55042	114	0.58866999134
tig00000083	55289	101	0.431542604287
tig00000083	55313	100	0.557882568056
tig00000083	55413	108	0.492344023443
tig00000083	55892	113	0.645487944721
tig00000083	56796	140	0.608165823468
tig00000083	56889	120	0.654754432413
tig00000083	57044	120	0.441457158804
tig00000083	57825	109	0.595339525789
tig00000083	58313	103	0.41075997865
tig00000083	61068	100	0.847552192052
tig00000083	61118	96	0.40903230705
tig00000083	62855	116	0.3996285649
tig00000083	62897	117	0.538116458421
tig00000083	63838	111	0.623003665815
tig00000083	65875	80	0.352857431381
tig00000083	66252	107	0.78531544248
tig00000083	66587	127	0.779325709112
tig00000083	66944	96	0.782972836223
tig00000083	66998	97	0.699212304999
tig00000083	67003	97	0.784092191011
tig00000083	67163	90	0.618282958331
tig00000083	67181	89	0.802832324343
tig00000083	68357	92	0.691360981353
tig00000083	68362	92	0.319267146159
tig00000088	6091	131	0.663793316132
tig00000088	6145	124	0.793830682976
tig00000088	6146	122	0.779510373602
tig00000088	6156	123	0.749729034629
tig00000088	6171	120	0.79941158571
tig00000088	6177	122	0.741911329155
tig00000088	6180	122	0.397036911879
tig00000088	6208	120	0.794214821358
tig00000088	6586	88	0.376556616197
tig00000088	6629	87	0.769944394525
tig00000088	6748	77	0.476706986175
tig00000088	6771	80	0.420535613902
tig00000088	6800	84	0.461218366948
tig00000088	6822	81	0.447291935764
tig00000088	6833	80	0.641145808667
tig00000088	6842	83	0.46214339435
tig00000088	6844	80	0.456191832368
tig00000088	8624	88	0.232472695043
tig00000088	8654	88	0.701860607521
tig00000088	8655	87	0.487123962544
tig00000088	8667	85	0.694273100831
tig00000088	8670	86	0.68934610993
tig00000088	10762	86	0.392717519545
tig00000088	10832	100	0.598701938609
tig00000088	10838	106	0.611276905578
tig00000089	8703	91	0.28509699414
tig00000089	14190	87	0.524629057986
tig00000089	15378	160	0.993814751157
tig00000089	15383	159	0.0062653690088
tig00000089	15413	159	0.00619652809673
tig00000089	15617	174	0.00413082453592
tig00000089	15626	174	0.00414906283452
tig00000090	14556	116	0.541033871624
tig00000090	14567	115	0.455264558024
tig00000090	14589	115	0.544698403873
tig00000090	14616	115	0.544706825185
tig00000091	2916	91	0.375752751406
tig00000091	2935	91	0.685473987982
tig00000091	6826	122	0.629429955681
tig00000091	6891	126	0.551862888805
tig00000091	6909	126	0.508281081276
tig00000091	6929	124	0.511560846154
tig00000091	14853	126	0.611494513074
tig00000091	14877	123	0.604642606763
tig00000091	14895	124	0.609447847667
tig00000091	21886	142	0.98258105769
tig00000091	21926	143	0.745835464168
tig00000091	22433	92	0.521145974665
tig00000091	22547	111	0.541368388855
tig00000091	22554	112	0.548373394043
tig00000091	22922	162	0.896291324047
tig00000091	22974	165	0.605480261308
tig00000091	23014	168	0.645766489955
tig00000091	24444	84	0.415278097557
tig00000091	24451	84	0.665931392719
tig00000091	24454	83	0.661290824373
tig00000091	29555	97	0.504044315633
tig00000091	29561	98	0.492028831557
tig00000091	29564	98	0.491752356265
tig00000091	29580	93	0.484318909194
tig00000091	29593	94	0.478798728773
tig00000091	29627	91	0.478483172545
tig00000091	29770	105	0.601418339676
tig00000091	29775	105	0.559070484795
tig00000091	29776	108	0.569380363323
tig00000091	29777	107	0.595892756528
tig00000091	31900	141	0.364488477531
tig00000091	31925	144	0.353340750228
tig00000091	31981	138	0.628270372108
tig00000091	34220	97	0.941129951612
tig00000091	34227	97	0.955110642695
tig00000091	34233	95	0.951910271401
tig00000091	34250	95	0.945124013357
tig00000091	34307	95	0.977491875376
tig00000091	36959	160	0.700417575283
tig00000091	37023	184	0.477192925442
tig00000091	37024	183	0.47405648149
tig00000091	37134	143	0.758048221365
tig00000091	37225	143	0.308233274716
tig00000091	37722	114	0.979212321008
tig00000091	37735	110	0.987722009396
tig00000091	38159	117	0.704207102359
tig00000091	38179	124	0.340357423829
tig00000091	38195	123	0.665869210276
tig00000091	38238	124	0.665529576902
tig00000091	38261	125	0.654595575086
tig00000093	4710	122	0.637115483273
tig00000093	4827	126	0.639592762197
tig00000093	4905	123	0.394224506266
tig00000093	4944	183	0.564865861994
tig00000093	4958	178	0.550754403353
tig00000093	5100	108	0.699429837527
tig00000093	5104	146	0.565096338103
tig00000093	5127	147	0.44495197046
tig00000093	5150	148	0.436884611336
tig00000093	5152	148	0.573193794357
tig00000093	5157	147	0.437620898417
tig00000093	5163	148	0.56169011141
tig00000093	5164	147	0.432474007868
tig00000093	5169	146	0.432566951043
tig00000093	5172	147	0.430557306623
tig00000093	5198	157	0.5214535242
tig00000093	5200	159	0.522672004001
tig00000093	5204	159	0.518211002135
tig00000093	5212	159	0.524211997243
tig00000093	5222	160	0.560562253586
tig00000093	5314	106	0.731473977017
tig00000093	5328	107	0.727861995904
tig00000093	5334	107	0.725744049341
tig00000093	5336	107	0.726687054957
tig00000093	5401	142	0.620427852066
tig00000093	5405	142	0.603706274021
tig00000093	5406	142	0.601941288694
tig00000093	5408	141	0.595098224944
tig00000093	5431	143	0.594708975861
tig00000093	5453	143	0.598147145259
tig00000093	5457	127	0.713599881451
tig00000093	6264	117	0.23976165044
tig00000093	6266	116	0.240226248833
tig00000093	6268	118	0.245294973886
tig00000093	6274	117	0.22879062282
tig00000093	6275	119	0.324463939954
tig00000093	6276	118	0.248880335431
tig00000093	6288	120	0.253106502982
tig00000093	6290	120	0.244348961288
tig00000093	6294	117	0.245009920901
tig00000093	6296	117	0.233191543296
tig00000093	6299	116	0.241664267544
tig00000093	6315	124	0.301648484784
tig00000093	6327	126	0.300740979517
tig00000093	6856	96	0.687651936081
tig00000093	6922	154	0.592034630138
tig00000093	6974	102	0.742749870319
tig00000093	7007	103	0.792850733987
tig00000093	7046	81	0.613019492313
tig00000093	7047	80	0.59910806393
tig00000093	7050	82	0.616108037496
tig00000093	7051	81	0.581814568245
tig00000093	7054	82	0.393088410389
tig00000093	7069	84	0.605080269374
tig00000093	7070	81	0.60339991526
tig00000093	7073	83	0.589565189929
tig00000093	7081	82	0.607909124332
tig00000093	7083	84	0.594023697387
tig00000093	7095	83	0.600902028726
tig00000093	7113	85	0.597919316322
tig00000093	7150	86	0.589657411629
tig00000093	7168	86	0.415156292673
tig00000093	12274	113	0.763235238095
tig00000093	12331	114	0.645802493175
tig00000093	12365	90	0.501830956389
tig00000093	12373	89	0.493466665137
tig00000093	12843	117	0.385237105051
tig00000093	12887	118	0.691405841755
tig00000098	2283	91	0.517553587323
tig00000098	2288	92	0.478494154314
tig00000098	2307	79	0.592750492312
tig00000098	2311	79	0.638186931924
tig00000098	2317	81	0.602679909427
tig00000098	2328	81	0.394845020088
tig00000098	2331	81	0.604361006821
tig00000098	8078	102	0.619196584772
tig00000098	9374	116	0.497339262431
tig00000098	9375	117	0.491498275188
tig00000098	9377	117	0.510887962946
tig00000098	9387	117	0.509156086188
tig00000098	9390	115	0.509472257588
tig00000098	9396	117	0.512224113318
tig00000098	9402	117	0.50808604784
tig00000098	9403	116	0.495398895066
tig00000098	9408	115	0.490133283501
tig00000098	10419	102	0.236458946183
tig00000098	10441	103	0.234592592194
tig00000098	10523	100	0.76397515227
tig00000098	10756	117	0.213945804175
tig00000098	10879	103	0.243855027726
tig00000098	10975	106	0.808042354424
tig00000098	11036	142	0.505918832458
tig00000098	11046	142	0.493991296485
tig00000098	11164	137	0.506542309488
tig00000098	11188	139	0.548796982026
tig00000098	11197	140	0.513045125417
tig00000098	12199	77	0.774712607071
tig00000098	12241	80	0.619157663283
tig00000098	12256	79	0.472346221889
tig00000098	12316	79	0.641471855481
tig00000098	12320	77	0.648006072975
tig00000098	12325	79	0.654248120705
tig00000098	12361	81	0.408977514157
tig00000098	12434	129	0.755794006375
tig00000098	12471	134	0.233759457344
tig00000098	13329	105	0.50358747575
tig00000098	13334	106	0.507863834581
tig00000098	13341	106	0.501638534348
tig00000098	13360	105	0.498782710999
tig00000098	13487	108	0.773767822626
tig00000098	13568	101	0.76746376515
tig00000098	13591	101	0.76724906545
tig00000098	13930	132	0.327147603799
tig00000098	13960	124	0.226351392999
tig00000098	13969	124	0.738705300203
tig00000098	14951	76	0.270948836904
tig00000098	14979	77	0.319416320697
tig00000098	14980	77	0.733070574561
tig00000098	15015	76	0.729829744173
tig00000098	15047	76	0.719069490931
tig00000098	15063	78	0.761054440407
tig00000098	15134	92	0.768616846786
tig00000098	15165	92	0.659195412027
tig00000098	15389	78	0.769945169316
tig00000098	15390	79	0.767861279206
tig00000098	15829	88	0.282356336791
tig00000098	15835	88	0.2928642061
tig00000098	15838	91	0.282942914474
tig00000098	15872	95	0.269532166852
tig00000098	16143	116	0.230927296453
tig00000098	16163	107	0.510072304945
tig00000098	19693	92	0.59889650907
tig00000098	19731	92	0.290735736193
tig00000098	19736	93	0.70363588796
tig00000098	19755	95	0.698249298336
tig00000098	19824	93	0.325248073519
tig00000098	21954	85	0.989839495352
tig00000102	2889	81	0.613682724736
tig00000102	2894	81	0.750852583335
tig00000102	2899	81	0.618089221632
tig00000102	15579	93	0.739295481509
tig00000103	7745	146	0.58255956881
tig00000103	7792	146	0.421046131712
tig00000103	7868	136	0.631236488257
tig00000103	7908	136	0.376050624222
tig00000103	7970	137	0.681005390445
tig00000103	8038	114	0.56204888971
tig00000103	8068	113	0.561205211598
tig00000103	8124	115	0.713305914678
tig00000103	8125	116	0.708359468388
tig00000103	10060	100	0.750753330264
tig00000103	10268	90	0.690864198213
tig00000103	10296	91	0.710961052333
tig00000103	10398	154	0.655583570982
tig00000103	10406	149	0.654499083571
tig00000103	10409	130	0.561688313074
tig00000103	10423	118	0.613409505632
tig00000103	10426	118	0.648221835327
tig00000103	12319	152	0.763705473122
tig00000103	12321	153	0.760816781739
tig00000103	15258	85	0.429504242683
tig00000103	15308	120	0.687182589198
tig00000103	15324	119	0.363436462702
tig00000103	15368	120	0.554112255523
tig00000103	16098	130	0.373440636772
tig00000103	16151	181	0.704229230193
tig00000103	16311	86	0.580600847254
tig00000103	16342	91	0.442637239328
tig00000103	16345	90	0.65454672613
tig00000103	16349	90	0.445679357829
tig00000103	16818	76	0.736149410741
tig00000103	16832	76	0.396618153843
tig00000103	16977	161	0.787918195474
tig00000103	17052	120	0.712824276161
tig00000103	17088	119	0.822255703846
tig00000103	17090	120	0.824159241284
tig00000103	17106	119	0.576127596998
tig00000103	17652	107	0.698613889205
tig00000103	17675	106	0.724997036741
tig00000103	17709	106	0.433587087534
tig00000103	17716	105	0.234160539326
tig00000103	17772	106	0.639297311172
tig00000103	17880	76	0.799467701589
tig00000103	18490	157	0.619366948208
tig00000103	18523	99	0.567271450095
tig00000103	19154	82	0.755360982571
tig00000103	19157	82	0.756465129223
tig00000103	21947	130	0.480775946547
tig00000103	21948	132	0.497018787969
tig00000103	22964	111	0.499012692574
tig00000103	23054	155	0.762430086021
tig00000103	23141	94	0.292688894609
tig00000103	23477	88	0.745110068062
tig00000103	23715	97	0.720117651761
tig00000103	23785	96	0.46519779104
tig00000103	23786	95	0.652643702034
tig00000103	23848	94	0.40810785601
tig00000103	27810	88	0.726200977797
tig00000103	27849	132	0.60286014074
tig00000103	40936	104	0.530980516968
tig00000103	41378	107	0.755899970443
tig00000103	41535	114	0.649620636029
tig00000103	41562	116	0.598792338774
tig00000103	43253	116	0.362490600096
tig00000103	43281	117	0.41864082615
tig00000103	44435	90	0.756399297351
tig00000103	44442	92	0.31537612425
tig00000103	44468	106	0.580770763494
tig00000103	44971	110	0.329836632918
tig00000103	44998	108	0.659712564127
tig00000103	45026	108	0.745580918119
tig00000103	46642	106	0.691698210889
tig00000103	46746	94	0.442173875725
tig00000103	46774	93	0.590156819234
tig00000103	46800	94	0.638834483791
tig00000103	46830	95	0.648961765953
tig00000103	46874	132	0.482050477581
tig00000103	46977	193	0.464586684001
tig00000103	47004	194	0.450393402412
tig00000103	47337	91	0.820758503047
tig00000103	49197	127	0.199716959552
tig00000103	49200	128	0.230109947324
tig00000103	49316	106	0.668985525237
tig00000103	57844	103	0.229164275124
tig00000103	57866	102	0.654960897074
tig00000103	57891	99	0.227139626743
tig00000103	57952	90	0.238601910755
tig00000103	58003	111	0.650566752839
tig00000103	58009	111	0.705271528751
tig00000103	58021	112	0.655934655165
tig00000103	58049	112	0.814507037706
tig00000103	58091	114	0.667671803036
tig00000103	60850	112	0.600002453324
tig00000103	60893	102	0.691376617529
tig00000103	60900	102	0.699993854043
tig00000103	60907	103	0.371088163572
tig00000103	60926	85	0.369157698534
tig00000103	62584	102	0.374131271392
tig00000103	62602	103	0.775483890215
tig00000103	62666	125	0.447380859304
tig00000103	62675	123	0.476394884608
tig00000103	62690	163	0.615153906683
tig00000103	62763	120	0.672872980775
tig00000103	62765	122	0.670496689416
tig00000103	63883	98	0.597070082247
tig00000103	64680	106	0.499815832661
tig00000103	66124	138	0.482416780224
tig00000103	66174	183	0.558344323334
tig00000103	66182	187	0.633515364188
tig00000103	66204	132	0.498061496035
tig00000103	66205	132	0.502670086703
tig00000103	66221	136	0.701692384782
tig00000103	66224	135	0.535302028073
tig00000103	66278	139	0.496926663468
tig00000103	66282	139	0.46716626656
tig00000103	68245	119	0.417964115362
tig00000103	68272	120	0.697693931787
tig00000103	68329	105	0.78069666331
tig00000103	74888	78	0.264702557333
tig00000103	76616	138	0.577853568009
tig00000103	76634	84	0.792632461961
tig00000103	77316	113	0.628782841208
tig00000103	84017	109	0.603959484257
tig00000103	84121	83	0.594898016178
tig00000103	85786	122	0.668089590711
tig00000103	86063	76	0.586878664354
tig00000103	86763	77	0.754710038622
tig00000103	87768	92	0.517524058446
tig00000103	90738	86	0.565686665743
tig00000103	92532	126	0.724550519199
tig00000103	93152	106	0.709324088643
tig00000103	96228	103	0.155814648654
tig00000103	97005	157	0.155913568036
tig00000103	97111	101	0.628646103344
tig00000103	98585	100	0.445211576629
tig00000103	98596	99	0.519244100202
tig00000103	98602	98	0.746010766208
tig00000103	98695	112	0.627677398669
tig00000103	98700	114	0.73626482915
tig00000103	98705	113	0.730955532901
tig00000103	98706	114	0.626338952492
tig00000103	98710	114	0.733032481032
tig00000103	99943	83	0.435492216991
tig00000103	99976	83	0.586138849838
tig00000103	99980	83	0.563502002326
tig00000103	101309	100	0.292749202216
tig00000103	101389	76	0.362513203805
tig00000103	103186	86	0.754474326676
tig00000103	103218	84	0.250150873725
tig00000103	103219	85	0.238247637767
tig00000103	103220	85	0.239471358999
tig00000103	103229	86	0.278163140669
tig00000103	103904	85	0.553972518982
tig00000103	104622	82	0.588507729016
tig00000103	105157	135	0.280410198721
tig00000103	105210	135	0.778153104225
tig00000103	106044	85	0.615315426128
tig00000103	107772	86	0.43049831489
tig00000103	107789	86	0.574656588154
tig00000103	109738	110	0.789443510311
tig00000103	110643	90	0.762081289413
tig00000103	110672	92	0.755590379124
tig00000103	110686	92	0.754141843791
tig00000103	111055	84	0.717621955049
tig00000103	111093	83	0.713123771081
tig00000103	111310	112	0.584314310042
tig00000103	111958	132	0.495222311961
tig00000103	112006	132	0.571655104942
tig00000103	115276	98	0.728358751256
tig00000103	115348	102	0.392709542715
tig00000103	115526	81	0.687477173994
tig00000103	115951	106	0.314728698917
tig00000103	115959	107	0.733076551664
tig00000103	116342	88	0.283936453669
tig00000103	116352	90	0.275915858545
tig00000103	117627	77	0.366930403624
tig00000103	117636	76	0.655080039989
tig00000103	117691	125	0.367833714744
tig00000103	117747	123	0.342379082055
tig00000103	117752	123	0.760302044398
tig00000103	117772	89	0.760875737629
tig00000103	117782	89	0.252037813982
tig00000103	117807	89	0.64177738248
tig00000103	122454	192	0.739192461913
tig00000103	122463	193	0.891430927071
tig00000103	122478	192	0.989426311833
tig00000103	122487	193	0.73113055214
tig00000103	122509	150	0.390399427312
tig00000103	122524	150	0.380333797293
tig00000103	122810	131	0.750895176606
tig00000103	123393	88	0.649680524705
tig00000103	123972	137	0.373328388018
tig00000103	124536	116	0.748968250455
tig00000103	125280	93	0.579282820462
tig00000103	125297	95	0.571251839771
tig00000103	125351	148	0.575205056939
tig00000103	125415	122	0.636114184264
tig00000103	125434	121	0.734602810541
tig00000103	128500	91	0.495662749356
tig00000103	128538	87	0.665713792035
tig00000103	128558	85	0.524996911068
tig00000103	128967	112	0.756725638452
tig00000103	128969	111	0.763648639031
tig00000103	131632	83	0.773209260658
tig00000103	131654	81	0.519854658702
tig00000103	135256	76	0.779232072652
tig00000103	135423	111	0.517361880983
tig00000103	135442	108	0.219789823072
tig00000103	135542	113	0.731513673233
tig00000103	135543	113	0.737910956639
tig00000103	138320	151	0.814880544671
tig00000103	138362	151	0.58746175
tig00000103	138953	153	0.734634210159
tig00000103	139043	103	0.763300804891
tig00000103	139152	101	0.758403226494
tig00000103	139154	101	0.760089047449
tig00000103	140217	165	0.486563802661
tig00000103	140557	87	0.539057813583
tig00000103	140605	76	0.332005841857
tig00000103	140621	79	0.324778496198
tig00000103	140651	77	0.328364889217
tig00000103	140862	102	0.636435132656
tig00000103	140884	102	0.512760874341
tig00000103	140944	144	0.634730624532
tig00000103	140957	146	0.535443402299
tig00000103	141027	104	0.583398554782
tig00000103	141036	104	0.569585774368
tig00000103	141040	103	0.578283693423
tig00000103	141043	102	0.567341873638
tig00000103	141087	139	0.36347915477
tig00000103	141136	135	0.768401978697
tig00000103	141162	133	0.69642476777
tig00000103	141240	125	0.523995385468
tig00000103	141275	125	0.634502112998
tig00000103	141288	124	0.540088407405
tig00000103	141509	115	0.332334564805
tig00000103	141604	153	0.636335059098
tig00000103	141630	144	0.530544493703
tig00000103	141682	88	0.718522790169
tig00000103	141684	89	0.72272732935
tig00000103	143757	122	0.214616770774
tig00000103	143926	97	0.780266577872
tig00000103	145745	123	0.201452189604
tig00000103	146225	144	0.291655671758
tig00000103	146255	145	0.28621066811
tig00000103	149856	119	0.316451613948
tig00000103	156370	136	0.566432665984
tig00000103	156417	157	0.332851999792
tig00000103	156450	93	0.696374756945
tig00000103	157787	85	0.519905527181
tig00000103	157803	85	0.805504303457
tig00000103	157804	84	0.533707740336
tig00000103	157810	86	0.523169875789
tig00000103	157829	87	0.562023859716
tig00000103	157863	88	0.815632231693
tig00000103	160591	87	0.627963572341
tig00000103	160600	85	0.640500633118
tig00000103	160634	87	0.579818749025
tig00000103	160829	143	0.470159364377
tig00000103	162117	116	0.384220411089
tig00000103	162398	119	0.514688443778
tig00000103	162669	99	0.662589054013
tig00000103	162885	114	0.677168115663
tig00000103	162936	168	0.511435557117
tig00000103	162946	172	0.50852412784
tig00000103	162948	171	0.519365853755
tig00000103	163968	82	0.619562781085
tig00000103	164593	108	0.617337081394
tig00000103	166815	120	0.67447272249
tig00000103	166913	87	0.512320848524
tig00000103	167117	109	0.423375988877
tig00000103	167330	94	0.657581997038
tig00000103	167386	96	0.659068737666
tig00000103	167836	82	0.664577972429
tig00000103	167932	84	0.353283405157
tig00000103	167998	90	0.346729609939
tig00000103	172387	78	0.676211823425
tig00000103	172389	78	0.677694081658
tig00000103	172390	102	0.765392006399
tig00000103	172437	117	0.662350381358
tig00000103	172459	118	0.486830436948
tig00000103	172869	81	0.695712971698
tig00000103	175654	92	0.523911722213
tig00000103	181765	153	0.755861742313
tig00000103	182958	92	0.349273977136
tig00000103	183015	88	0.733352166272
tig00000103	183018	89	0.382713676057
tig00000103	191455	161	0.784402653045
tig00000103	191456	161	0.778292426277
tig00000103	195164	124	0.796461251561
tig00000103	195681	111	0.450831806137
tig00000103	195688	110	0.416284956425
tig00000103	195718	107	0.255197733336
tig00000103	195872	84	0.215306273742
tig00000103	195957	81	0.212907437734
tig00000103	195988	98	0.51695651023
tig00000103	196029	83	0.291662482787
tig00000103	196030	82	0.294901527327
tig00000103	196091	84	0.340295180487
tig00000103	197492	76	0.583937776401
tig00000103	199533	124	0.65080044164
tig00000103	199534	123	0.647715096198
tig00000103	199624	77	0.579933561039
tig00000103	199705	91	0.350850168949
tig00000103	201752	101	0.834849125081
tig00000103	202215	108	0.611223865299
tig00000103	202636	81	0.422267064626
tig00000103	202856	82	0.579319716065
tig00000103	202857	80	0.582788598213
tig00000103	203248	109	0.495048680677
tig00000103	203258	110	0.502907126591
tig00000103	203283	108	0.500313619793
tig00000103	209402	112	0.799895234119
tig00000103	209413	113	0.80092568005
tig00000103	209422	115	0.293995648309
tig00000103	209483	114	0.288446157946
tig00000103	210166	95	0.806167535304
tig00000103	210175	96	0.806646375123
tig00000103	210178	96	0.224613367475
tig00000103	210726	92	0.742025655028
tig00000103	210955	101	0.772954476769
tig00000103	211040	103	0.501761652828
tig00000103	211042	103	0.747792573438
tig00000103	211650	106	0.301251682828
tig00000103	211708	105	0.774481245963
tig00000103	211846	114	0.736716901514
tig00000103	213931	119	0.418761121432
tig00000103	213943	118	0.61809245021
tig00000103	213987	115	0.786766372002
tig00000103	214014	99	0.303986090682
tig00000103	214016	98	0.793423384272
tig00000103	214024	100	0.796729585005
tig00000103	214062	100	0.715987663293
tig00000103	214087	100	0.699194246256
tig00000103	217005	132	0.718305632097
tig00000103	220381	124	0.794646404461
tig00000103	220548	168	0.611268458428
tig00000103	220727	119	0.781526575924
tig00000103	220750	122	0.723941111989
tig00000103	221391	111	0.614182680219
tig00000103	221550	134	0.639450561741
tig00000103	221895	173	0.644672634144
tig00000103	223357	143	0.764176490889
tig00000103	225419	117	0.608668742572
tig00000103	225510	120	0.45096607142
tig00000103	226059	76	0.266711666041
tig00000103	226097	107	0.428783033469
tig00000103	226285	108	0.371344220572
tig00000103	226307	109	0.591344159896
tig00000103	226478	89	0.469891830109
tig00000103	227155	81	0.534207292507
tig00000103	227508	135	0.65951514972
tig00000103	227590	147	0.764000898528
tig00000103	227640	188	0.75732369973
tig00000103	227684	136	0.663589762984
tig00000103	227746	118	0.244832123544
tig00000103	227756	117	0.762681418467
tig00000103	229137	89	0.453824999854
tig00000103	229284	103	0.334775865755
tig00000103	229320	104	0.730506331479
tig00000103	230187	96	0.518480289592
tig00000103	230281	100	0.782958166333
tig00000103	231327	112	0.423671086193
tig00000103	231329	111	0.393851257778
tig00000103	231346	114	0.785706647726
tig00000103	231354	113	0.763582439884
tig00000103	231393	109	0.392973563947
tig00000103	231547	95	0.728129374701
tig00000103	231569	95	0.732248079849
tig00000103	233372	92	0.745952325188
tig00000103	233389	92	0.405912535644
tig00000103	233452	85	0.555923416589
tig00000103	233544	89	0.255380110795
tig00000108	8572	99	0.554839734797
tig00000108	8583	99	0.661169858083
tig00000108	8628	102	0.526326993187
tig00000111	9347	85	0.70536349913
tig00000111	9369	85	0.781312255035
tig00000111	9408	81	0.771805437529
tig00000114	2338	83	0.693778197621
tig00000114	2353	83	0.579023146457
tig00000114	13001	82	0.816900516706
tig00000114	13026	81	0.814920835765
tig00000114	13041	82	0.744675225383
tig00000117	2506	78	0.505135642936
tig00000117	2512	76	0.625865997837
tig00000117	2513	77	0.618643012282
tig00000117	2586	90	0.658528625986
tig00000117	8527	92	0.547444857322
tig00000117	8536	92	0.612690839063
tig00000117	8576	92	0.61269365243
tig00000117	8607	123	0.673136085512
tig00000117	8634	113	0.635639651032
tig00000118	2923	82	0.484755125615
tig00000118	4549	158	0.460812533789
tig00000118	4556	158	0.537631584236
tig00000118	4558	158	0.460464774012
tig00000118	4563	159	0.46927662597
tig00000119	11888	165	0.963039597039
tig00000119	11900	166	0.900822378542
tig00000119	11937	166	0.893139102787
tig00000119	24281	90	0.515678567199
tig00000119	24336	89	0.481242160667
tig00000119	24352	90	0.485817441725
tig00000119	24364	89	0.518758356357
tig00000119	31814	80	0.609456709929
tig00000119	31830	80	0.740203723562
tig00000119	31843	78	0.69670490077
tig00000119	32097	76	0.569821143639
tig00000119	32107	76	0.45256676677
tig00000119	32118	76	0.417560729562
tig00000119	32119	77	0.471312355483
tig00000119	36732	105	0.151245115946
tig00000119	36734	105	0.925778505419
tig00000119	36784	98	0.658116679388
tig00000119	36788	91	0.0403223323423
tig00000119	36789	92	0.0401328158844
tig00000120	11369	110	0.276488816905
tig00000120	11370	104	0.219529578506
tig00000120	11429	76	0.220937124552
tig00000120	11739	104	0.224281367978
tig00000120	11763	106	0.745101613109
tig00000120	11787	106	0.741474189826
tig00000124	8098	115	0.673134816333
tig00000124	8103	115	0.659796252862
tig00000124	8139	114	0.669277769002
tig00000124	8160	114	0.741590318948
tig00000124	9274	94	0.413317432846
tig00000124	9314	95	0.781183737518
tig00000124	9393	95	0.782793313539
tig00000124	10689	127	0.740402137758
tig00000124	10703	127	0.636958481984
tig00000124	10705	127	0.770727597245
tig00000124	10710	127	0.636571178803
tig00000124	10718	127	0.734768004049
tig00000124	10728	127	0.770474634
tig00000124	10747	127	0.553172381796
tig00000124	10751	127	0.770727597245
tig00000124	10756	127	0.77509725691
tig00000124	14814	97	0.648840870888
tig00000124	14816	97	0.656173326879
tig00000124	14826	97	0.501633876416
tig00000124	14834	96	0.711850678639
tig00000124	14836	95	0.707988069908
tig00000124	14845	103	0.731241116906
tig00000124	14855	104	0.734636074122
tig00000124	14908	141	0.311302940291
tig00000124	14986	93	0.670692399386
tig00000124	14998	94	0.674727759982
tig00000124	15015	94	0.659033793682
tig00000124	15058	104	0.731091691039
tig00000124	15088	103	0.524119194036
tig00000124	15305	98	0.826772637613
tig00000124	15343	99	0.827103216474
tig00000124	15356	98	0.824286643353
tig00000124	15424	80	0.775257299213
tig00000124	15427	80	0.787646981754
tig00000124	15428	81	0.792071757344
tig00000124	15429	111	0.75304514544
tig00000124	15439	116	0.763282440724
tig00000124	15467	116	0.730518596008
tig00000124	15476	116	0.756030152171
tig00000124	16596	82	0.684134026687
tig00000124	16650	93	0.692190818426
tig00000124	19865	92	0.201355773758
tig00000124	23507	80	0.706985799422
tig00000124	23819	86	0.541671309845
tig00000124	23867	88	0.379093865857
tig00000124	26620	217	0.610798839316
tig00000124	26621	217	0.304405107186
tig00000124	26681	218	0.383221802018
tig00000124	26818	90	0.613342248888
tig00000124	26840	89	0.612811604711
tig00000124	26853	143	0.491818501101
tig00000126	15555	91	0.817472732118
tig00000127	12871	118	0.79704927222
tig00000127	12872	118	0.797273209751
tig00000127	12874	118	0.201231955756
tig00000127	12909	120	0.22786223506
tig00000127	12940	126	0.25210911518
tig00000127	12953	127	0.255973189814
tig00000127	12983	127	0.262652548845
tig00000127	13374	137	0.546750795413
tig00000127	13392	137	0.545764280755
tig00000127	13399	136	0.542300930599
tig00000127	13437	136	0.543194749269
tig00000127	13464	136	0.544168994907
tig00000127	13471	135	0.551944306365
tig00000127	13487	135	0.54725838368
tig00000127	13493	136	0.543550378143
tig00000129	12960	83	0.698160666902
tig00000129	12981	82	0.329731380239
tig00000129	12984	82	0.738052021332
tig00000129	13477	88	0.446259191495
tig00000129	13520	115	0.744625248041
tig00000129	14044	83	0.448442754936
tig00000129	14049	82	0.455589577358
tig00000129	14061	84	0.44548839843
tig00000129	14092	85	0.44117840461
tig00000129	14124	84	0.462058553863
tig00000129	14134	83	0.540276538341
tig00000129	14646	105	0.742752700246
tig00000129	14647	103	0.745553867334
tig00000129	14675	110	0.350628387153
tig00000129	15206	115	0.656428059302
tig00000129	15236	115	0.563385136348
tig00000129	15261	115	0.518283047768
tig00000129	15293	113	0.669248231496
tig00000129	15398	107	0.570789470026
tig00000129	15468	127	0.717848762985
tig00000129	15482	126	0.740593172014
tig00000129	15498	125	0.721545223715
tig00000129	15736	125	0.621496633228
tig00000129	15738	124	0.324342914965
tig00000129	15742	126	0.640287903591
tig00000129	15774	124	0.660651726179
tig00000129	19754	77	0.577229023121
tig00000129	19793	80	0.438885932248
tig00000129	20456	98	0.607247854258
tig00000129	21382	86	0.73530001768
tig00000129	21417	99	0.723764439256
tig00000129	21438	178	0.398380670791
tig00000129	21509	184	0.686864787749
tig00000129	21526	161	0.736928366611
tig00000129	21548	162	0.417903233077
tig00000129	21560	162	0.529794357778
tig00000129	22991	118	0.624065742065
tig00000129	23003	117	0.571278150856
tig00000129	23016	118	0.571793271035
tig00000129	23048	117	0.666311124265
tig00000129	23100	114	0.7375614296
tig00000129	23109	117	0.576615822817
tig00000129	23206	92	0.800628917109
tig00000129	23229	94	0.24080122738
tig00000129	23253	95	0.743861359409
tig00000129	24250	79	0.650973491736
tig00000129	25213	138	0.750865465123
tig00000129	25216	134	0.750702896981
tig00000129	31549	81	0.617178243771
tig00000129	31885	103	0.358212101817
tig00000129	31905	100	0.344783059466
tig00000129	31924	113	0.703450321986
tig00000129	31932	117	0.716639677676
tig00000129	32073	76	0.213329563696
tig00000129	32536	84	0.459729388976
tig00000129	32547	107	0.294818111112
tig00000129	32577	85	0.191864710421
tig00000129	32579	84	0.194303944647
tig00000129	32608	98	0.564609328299
tig00000129	32629	96	0.537059241751
tig00000129	33362	96	0.675347023164
tig00000129	33398	102	0.485711916345
tig00000129	33399	102	0.587172879867
tig00000129	33408	102	0.590419803747
tig00000129	33415	103	0.587032082514
tig00000129	34381	98	0.707537834168
tig00000129	34391	99	0.61363965631
tig00000129	34392	100	0.712643672704
tig00000129	34416	97	0.772117296274
tig00000129	34459	107	0.509643832491
tig00000129	34477	106	0.564412968408
tig00000129	34494	92	0.613880420998
tig00000129	34497	79	0.588013096927
tig00000129	35336	77	0.696236179967
tig00000129	35343	78	0.691893078902
tig00000129	35358	79	0.557962884621
tig00000129	35531	107	0.366874922426
tig00000129	35533	114	0.455669606535
tig00000129	35549	113	0.289676362391
tig00000129	35566	114	0.412281960061
tig00000129	35568	114	0.246522156924
tig00000129	35660	114	0.221012866503
tig00000129	35719	108	0.542389232453
tig00000129	37318	154	0.225863551205
tig00000129	37331	153	0.679641134429
tig00000129	37507	179	0.577530111109
tig00000129	38338	130	0.233240174147
tig00000129	38341	130	0.257431609096
tig00000129	38354	130	0.310958241783
tig00000129	38370	130	0.310608791549
tig00000129	38396	129	0.311246137535
tig00000129	38422	132	0.318043261579
tig00000129	38553	136	0.233083047542
tig00000129	38563	135	0.298816637471
tig00000129	38566	139	0.656494674731
tig00000129	40197	105	0.653580338399
tig00000129	40211	104	0.608863186124
tig00000129	40217	128	0.363314833955
tig00000129	40230	125	0.328231259504
tig00000129	40251	138	0.722503950993
tig00000129	40256	137	0.295786606926
tig00000129	40267	137	0.311503472498
tig00000129	40269	137	0.533582336015
tig00000129	40271	138	0.72653095018
tig00000129	40272	138	0.735427592192
tig00000129	40276	137	0.727970927739
tig00000129	40279	138	0.72507556514
tig00000129	40309	139	0.257467548629
tig00000129	40313	141	0.706965068867
tig00000129	40329	109	0.738539133498
tig00000129	40338	86	0.432442823808
tig00000129	41987	133	0.253782761144
tig00000129	42004	106	0.470309342742
tig00000129	42026	98	0.776079678714
tig00000129	42050	99	0.369174037012
tig00000129	42181	113	0.237781577738
tig00000129	42202	115	0.564585766377
tig00000129	42266	116	0.769698524977
tig00000129	42281	117	0.848125426456
tig00000129	42294	128	0.665461958971
tig00000129	42327	119	0.332708801803
tig00000129	42353	106	0.191431401375
tig00000129	45753	170	0.799076792627
tig00000129	45767	168	0.795942298305
tig00000129	45810	110	0.49449194637
tig00000129	45811	111	0.237267592474
tig00000129	46105	110	0.189017731103
tig00000129	46259	135	0.537953506425
tig00000129	46948	76	0.771330006641
tig00000129	47007	77	0.532045486852
tig00000129	47628	93	0.71440135615
tig00000129	47639	92	0.772033864954
tig00000129	47643	94	0.718584336192
tig00000129	48278	100	0.732585636109
tig00000129	48321	105	0.738641265667
tig00000129	49068	130	0.454599077569
tig00000129	49203	140	0.783645087566
tig00000129	49541	124	0.766818245598
tig00000129	49550	125	0.775712941063
tig00000129	49582	125	0.777181263056
tig00000129	49700	83	0.572323858241
tig00000129	49763	97	0.295986460507
tig00000129	50154	98	0.786681004315
tig00000129	50158	99	0.287431757925
tig00000129	50182	99	0.31707593518
tig00000129	50191	96	0.754333334034
tig00000129	50211	100	0.213038743649
tig00000129	50616	116	0.470191037478
tig00000129	50621	115	0.243609254133
tig00000129	50648	83	0.779146219804
tig00000129	50826	107	0.703334834287
tig00000129	50859	111	0.771761580673
tig00000129	50923	81	0.250804315526
tig00000129	53102	98	0.245156757535
tig00000129	53135	92	0.31519678075
tig00000129	53329	108	0.742219411031
tig00000129	54002	103	0.779700233851
tig00000129	54024	102	0.579120005551
tig00000129	54137	92	0.635586211051
tig00000129	54444	122	0.786312068338
tig00000129	54472	137	0.748948490027
tig00000129	54478	127	0.416466310152
tig00000129	54550	107	0.753071174164
tig00000129	54603	99	0.767657043403
tig00000129	54687	106	0.756650212571
tig00000129	54755	139	0.740864627663
tig00000129	54759	138	0.745895334275
tig00000129	55665	119	0.273246515976
tig00000129	55812	76	0.207620325532
tig00000129	57863	111	0.656285462104
tig00000129	57877	121	0.579282325662
tig00000129	58076	126	0.754727441358
tig00000129	60157	83	0.798210692299
tig00000129	62313	101	0.728700464828
tig00000129	62319	101	0.46899430617
tig00000129	64891	96	0.401139286074
tig00000129	65200	141	0.428715483829
tig00000129	65213	139	0.75520176403
tig00000129	65226	141	0.240983937274
tig00000129	65253	141	0.263330931307
tig00000129	65372	115	0.214602778319
tig00000129	65375	113	0.219814800694
tig00000129	65396	115	0.786057133822
tig00000129	65398	114	0.21522735967
tig00000129	65582	113	0.430903922826
tig00000129	65592	117	0.761095439718
tig00000129	65645	119	0.73138226361
tig00000129	65674	83	0.666248918798
tig00000129	65845	110	0.680458723403
tig00000129	65929	168	0.638780523821
tig00000129	66026	116	0.650501107744
tig00000129	66038	116	0.663442788805
tig00000129	66744	85	0.746194290218
tig00000129	66749	86	0.590829945764
tig00000129	66849	87	0.775379748123
tig00000129	66988	87	0.681032540126
tig00000129	67003	88	0.380265119928
tig00000129	67017	88	0.384317846038
tig00000129	67042	87	0.388323961694
tig00000129	67070	88	0.383204335473
tig00000129	67075	87	0.388983698724
tig00000129	67269	99	0.756115207566
tig00000129	67660	128	0.504087022219
tig00000129	67691	127	0.488611687522
tig00000129	68026	98	0.551084110893
tig00000129	68038	98	0.572086382238
tig00000129	68167	122	0.523474728946
tig00000129	68326	115	0.348855392835
tig00000129	68516	91	0.689011670127
tig00000129	68518	93	0.752219793787
tig00000129	68537	92	0.40583994712
tig00000129	68624	87	0.748457693491
tig00000129	68794	76	0.798292592668
tig00000129	72182	81	0.768687329781
tig00000129	72196	81	0.776122492534
tig00000129	72235	81	0.775090691769
tig00000129	72259	81	0.656878293468
tig00000129	72300	81	0.292218439996
tig00000129	72320	82	0.770696104273
tig00000129	72512	107	0.637439048125
tig00000129	72650	94	0.799744428174
tig00000129	72706	103	0.775218873786
tig00000129	72735	100	0.487675067778
tig00000129	72787	126	0.616098672558
tig00000129	72812	138	0.728875584821
tig00000129	72928	140	0.504430704484
tig00000129	72991	145	0.80281693493
tig00000129	74024	85	0.499682035218
tig00000129	74028	85	0.508281399588
tig00000129	74041	83	0.682684727961
tig00000129	79452	79	0.577854611557
tig00000129	80671	84	0.731421895786
tig00000129	80707	133	0.765360604393
tig00000129	80714	135	0.235534111567
tig00000129	80794	99	0.78756845526
tig00000129	90488	97	0.332740346402
tig00000129	90497	94	0.764311941885
tig00000129	90562	85	0.50957956257
tig00000129	90637	84	0.336493617883
tig00000129	90697	106	0.28730819105
tig00000129	90756	111	0.289936406458
tig00000129	91430	77	0.512571515894
tig00000129	91674	89	0.766596431167
tig00000129	91690	84	0.754901267313
tig00000129	91692	83	0.753429807664
tig00000129	91695	84	0.732110364758
tig00000129	98326	112	0.708512319163
tig00000129	98420	82	0.691561816188
tig00000129	99322	132	0.756879981827
tig00000129	99437	128	0.519084841023
tig00000129	100768	125	0.591722108626
tig00000129	101174	132	0.559434500048
tig00000129	101179	131	0.682192836076
tig00000129	101201	131	0.546206698757
tig00000129	102047	86	0.715585061415
tig00000129	102234	119	0.262964468028
tig00000129	102247	125	0.801048521222
tig00000129	102289	101	0.651723390416
tig00000129	102290	101	0.784999569616
tig00000129	105330	81	0.319866285584
tig00000129	105683	79	0.700949272376
tig00000129	105706	79	0.76979156146
tig00000129	105721	86	0.685968495913
tig00000129	105736	82	0.71597696481
tig00000129	105746	82	0.582101975505
tig00000129	105854	83	0.695017114404
tig00000129	105857	81	0.32475814044
tig00000129	106418	92	0.786488626296
tig00000129	106447	91	0.322132372952
tig00000129	106472	94	0.682786403773
tig00000129	106756	77	0.685264765192
tig00000129	106771	77	0.85442672329
tig00000129	106791	78	0.674456595156
tig00000129	107489	76	0.732963618533
tig00000131	2847	92	0.310067476997
tig00000131	2872	91	0.708315312104
tig00000131	2917	89	0.318893843927
tig00000131	2945	89	0.685474406497
tig00000131	2952	89	0.725504423683
tig00000131	10452	116	0.594427856999
tig00000131	10467	114	0.454819456715
tig00000131	10483	116	0.423286249011
tig00000131	10510	113	0.464646380513
tig00000131	10517	116	0.595497340669
tig00000131	10536	115	0.600193077493
tig00000131	10597	108	0.484238361432
tig00000131	10617	108	0.476635526485
tig00000131	10621	108	0.468909437876
tig00000131	10648	108	0.531074797459
tig00000131	10656	108	0.532155011147
tig00000131	10695	108	0.528871573624
tig00000131	15207	76	0.614163013678
tig00000131	15284	76	0.624329694501
tig00000131	17540	77	0.782883672919
tig00000131	17659	104	0.374123720416
tig00000131	17685	78	0.506682589132
tig00000131	25175	85	0.200496797167
