indiv	depth	totsites	propRA	MLE_tk
0	1	162.0	0.0	0.0
0	2	10.0	0.1	0.271034397795
0	3	14.0	0.142857142857	0.497680913299
0	4	5.0	0.6	1.0
0	5	0.0	0	NA
0	6	0.0	0	NA
0	7	0.0	0	NA
0	8	0.0	0	NA
0	9	0.0	0	NA
0	10	0.0	0	NA
0	11	0.0	0	NA
0	12	0.0	0	NA
0	13	0.0	0	NA
0	14	0.0	0	NA
0	15	0.0	0	NA
1	1	502.0	0.0	0.0
1	2	329.0	0.255319148936	0.61686052285
1	3	157.0	0.15923566879	0.425088332989
1	4	91.0	0.285714285714	0.645804918167
1	5	40.0	0.35	0.945830562849
1	6	21.0	0.285714285714	1.0
1	7	10.0	0.7	1.0
1	8	4.0	0.25	0.808507941316
1	9	3.0	0.666666666667	1.0
1	10	0.0	0	NA
1	11	0.0	0	NA
1	12	1.0	1.0	1.0
1	13	0.0	0	NA
1	14	0.0	0	NA
1	15	0.0	0	NA
2	1	131.0	0.0	0.0
2	2	13.0	0.0769230769231	0.188742907139
2	3	0.0	0	NA
2	4	0.0	0	NA
2	5	0.0	0	NA
2	6	0.0	0	NA
2	7	0.0	0	NA
2	8	0.0	0	NA
2	9	0.0	0	NA
2	10	0.0	0	NA
2	11	0.0	0	NA
2	12	0.0	0	NA
2	13	0.0	0	NA
2	14	0.0	0	NA
2	15	0.0	0	NA
3	1	536.0	0.0	0.0
3	2	304.0	0.180921052632	0.39982887679
3	3	124.0	0.346774193548	0.805849389671
3	4	69.0	0.246376811594	0.664696139222
3	5	27.0	0.0740740740741	0.192681528278
3	6	5.0	0.0	0.0
3	7	8.0	0.25	0.794746100171
3	8	5.0	0.6	1.0
3	9	0.0	0	NA
3	10	0.0	0	NA
3	11	3.0	1.0	1.0
3	12	0.0	0	NA
3	13	0.0	0	NA
3	14	0.0	0	NA
3	15	0.0	0	NA
4	1	483.0	0.0	0.0
4	2	357.0	0.204481792717	0.473030968329
4	3	235.0	0.4	0.877685853385
4	4	160.0	0.35625	0.927162746205
4	5	86.0	0.418604651163	0.929636124529
4	6	31.0	0.483870967742	0.902695500574
4	7	29.0	0.413793103448	1.0
4	8	24.0	0.666666666667	1.0
4	9	3.0	1.0	1.0
4	10	0.0	0	NA
4	11	2.0	1.0	1.0
4	12	0.0	0	NA
4	13	0.0	0	NA
4	14	7.0	0.428571428571	1.0
4	15	0.0	0	NA
5	1	391.0	0.0	0.0
5	2	59.0	0.118644067797	0.289259535765
5	3	16.0	0.0	0.0
5	4	2.0	0.0	0.0
5	5	0.0	0	NA
5	6	0.0	0	NA
5	7	0.0	0	NA
5	8	0.0	0	NA
5	9	0.0	0	NA
5	10	0.0	0	NA
5	11	0.0	0	NA
5	12	0.0	0	NA
5	13	0.0	0	NA
5	14	0.0	0	NA
5	15	0.0	0	NA
6	1	210.0	0.0	0.0
6	2	253.0	0.122529644269	0.299421992292
6	3	257.0	0.4046692607	0.861852256437
6	4	258.0	0.403100775194	0.941320790475
6	5	225.0	0.417777777778	0.941533417873
6	6	131.0	0.473282442748	0.991231593231
6	7	103.0	0.514563106796	1.0
6	8	95.0	0.578947368421	1.0
6	9	85.0	0.494117647059	1.0
6	10	58.0	0.48275862069	1.0
6	11	34.0	0.647058823529	1.0
6	12	13.0	0.615384615385	1.0
6	13	34.0	0.764705882353	1.0
6	14	26.0	0.807692307692	1.0
6	15	18.0	0.833333333333	1.0
7	1	500.0	0.0	0.0
7	2	253.0	0.166007905138	0.397972135125
7	3	150.0	0.373333333333	0.934202717128
7	4	58.0	0.310344827586	0.724910231258
7	5	8.0	0.125	0.335331436536
7	6	9.0	0.444444444444	0.903927932895
7	7	0.0	0	NA
7	8	0.0	0	NA
7	9	3.0	0.0	0.0
7	10	0.0	0	NA
7	11	0.0	0	NA
7	12	0.0	0	NA
7	13	0.0	0	NA
7	14	0.0	0	NA
7	15	0.0	0	NA
8	1	0.0	0	NA
8	2	0.0	0	NA
8	3	0.0	0	NA
8	4	0.0	0	NA
8	5	0.0	0	NA
8	6	0.0	0	NA
8	7	0.0	0	NA
8	8	0.0	0	NA
8	9	0.0	0	NA
8	10	0.0	0	NA
8	11	0.0	0	NA
8	12	0.0	0	NA
8	13	0.0	0	NA
8	14	0.0	0	NA
8	15	0.0	0	NA
9	1	37.0	0.0	0.0
9	2	0.0	0	NA
9	3	0.0	0	NA
9	4	0.0	0	NA
9	5	0.0	0	NA
9	6	0.0	0	NA
9	7	0.0	0	NA
9	8	0.0	0	NA
9	9	0.0	0	NA
9	10	0.0	0	NA
9	11	0.0	0	NA
9	12	0.0	0	NA
9	13	0.0	0	NA
9	14	0.0	0	NA
9	15	0.0	0	NA
10	1	9.0	0.0	0.0
10	2	0.0	0	NA
10	3	0.0	0	NA
10	4	0.0	0	NA
10	5	0.0	0	NA
10	6	0.0	0	NA
10	7	0.0	0	NA
10	8	0.0	0	NA
10	9	0.0	0	NA
10	10	0.0	0	NA
10	11	0.0	0	NA
10	12	0.0	0	NA
10	13	0.0	0	NA
10	14	0.0	0	NA
10	15	0.0	0	NA
11	1	11.0	0.0	0.0
11	2	10.0	0.0	0.0
11	3	0.0	0	NA
11	4	0.0	0	NA
11	5	0.0	0	NA
11	6	0.0	0	NA
11	7	0.0	0	NA
11	8	0.0	0	NA
11	9	0.0	0	NA
11	10	0.0	0	NA
11	11	0.0	0	NA
11	12	0.0	0	NA
11	13	0.0	0	NA
11	14	0.0	0	NA
11	15	0.0	0	NA
12	1	456.0	0.0	0.0
12	2	136.0	0.132352941176	0.34595324203
12	3	42.0	0.309523809524	0.733144597791
12	4	16.0	0.5625	1.0
12	5	3.0	1.0	1.0
12	6	0.0	0	NA
12	7	0.0	0	NA
12	8	0.0	0	NA
12	9	0.0	0	NA
12	10	0.0	0	NA
12	11	0.0	0	NA
12	12	0.0	0	NA
12	13	0.0	0	NA
12	14	0.0	0	NA
12	15	0.0	0	NA
13	1	332.0	0.0	0.0
13	2	57.0	0.19298245614	0.474635033994
13	3	12.0	0.25	0.669170181092
13	4	3.0	0.333333333333	1.0
13	5	1.0	0.0	0.0
13	6	0.0	0	NA
13	7	0.0	0	NA
13	8	0.0	0	NA
13	9	0.0	0	NA
13	10	0.0	0	NA
13	11	0.0	0	NA
13	12	0.0	0	NA
13	13	0.0	0	NA
13	14	0.0	0	NA
13	15	0.0	0	NA
14	1	458.0	0.0	0.0
14	2	371.0	0.188679245283	0.445969800808
14	3	277.0	0.198555956679	0.517937087128
14	4	102.0	0.421568627451	1.0
14	5	44.0	0.5	1.0
14	6	17.0	0.529411764706	1.0
14	7	8.0	0.125	0.362782632793
14	8	12.0	0.666666666667	1.0
14	9	4.0	0.5	1.0
14	10	2.0	0.5	1.0
14	11	2.0	1.0	1.0
14	12	0.0	0	NA
14	13	0.0	0	NA
14	14	0.0	0	NA
14	15	0.0	0	NA
15	1	460.0	0.0	0.0
15	2	367.0	0.193460490463	0.454114068245
15	3	247.0	0.364372469636	0.826362474241
15	4	174.0	0.32183908046	0.77370525268
15	5	90.0	0.533333333333	1.0
15	6	58.0	0.689655172414	1.0
15	7	29.0	0.655172413793	1.0
15	8	17.0	0.470588235294	1.0
15	9	8.0	0.5	1.0
15	10	4.0	1.0	1.0
15	11	3.0	0.0	0.0
15	12	3.0	1.0	1.0
15	13	9.0	0.666666666667	1.0
15	14	8.0	1.0	1.0
15	15	0.0	0	NA
16	1	541.0	0.0	0.0
16	2	343.0	0.192419825073	0.481485659621
16	3	213.0	0.295774647887	0.775742955664
16	4	122.0	0.262295081967	0.666342387936
16	5	29.0	0.724137931034	1.0
16	6	23.0	0.521739130435	1.0
16	7	8.0	0.625	1.0
16	8	3.0	0.666666666667	1.0
16	9	0.0	0	NA
16	10	0.0	0	NA
16	11	2.0	1.0	1.0
16	12	3.0	0.0	0.0
16	13	0.0	0	NA
16	14	2.0	1.0	1.0
16	15	1.0	1.0	1.0
17	1	164.0	0.0	0.0
17	2	31.0	0.0	0.0
17	3	9.0	0.0	0.0
17	4	1.0	0.0	0.0
17	5	0.0	0	NA
17	6	0.0	0	NA
17	7	0.0	0	NA
17	8	0.0	0	NA
17	9	0.0	0	NA
17	10	0.0	0	NA
17	11	0.0	0	NA
17	12	0.0	0	NA
17	13	0.0	0	NA
17	14	0.0	0	NA
17	15	0.0	0	NA
18	1	484.0	0.0	0.0
18	2	375.0	0.114666666667	0.254774323589
18	3	211.0	0.39336492891	0.93256479857
18	4	115.0	0.278260869565	0.725171804052
18	5	62.0	0.435483870968	1.0
18	6	22.0	0.5	1.0
18	7	18.0	0.611111111111	1.0
18	8	5.0	0.4	0.601366052025
18	9	1.0	1.0	1.0
18	10	3.0	1.0	1.0
18	11	1.0	1.0	1.0
18	12	4.0	0.25	0.990316054059
18	13	0.0	0	NA
18	14	0.0	0	NA
18	15	0.0	0	NA
19	1	392.0	0.0	0.0
19	2	130.0	0.246153846154	0.523526712799
19	3	41.0	0.341463414634	0.728853870244
19	4	20.0	0.25	0.595734746208
19	5	5.0	0.0	0.0
19	6	0.0	0	NA
19	7	0.0	0	NA
19	8	1.0	0.0	0.0
19	9	0.0	0	NA
19	10	0.0	0	NA
19	11	0.0	0	NA
19	12	0.0	0	NA
19	13	0.0	0	NA
19	14	0.0	0	NA
19	15	0.0	0	NA
20	1	266.0	0.0	0.0
20	2	85.0	0.270588235294	0.549107671202
20	3	28.0	0.178571428571	0.41477427626
20	4	3.0	1.0	1.0
20	5	7.0	0.428571428571	1.0
20	6	0.0	0	NA
20	7	0.0	0	NA
20	8	0.0	0	NA
20	9	0.0	0	NA
20	10	0.0	0	NA
20	11	0.0	0	NA
20	12	0.0	0	NA
20	13	0.0	0	NA
20	14	0.0	0	NA
20	15	0.0	0	NA
21	1	561.0	0.0	0.0
21	2	297.0	0.26936026936	0.625092375191
21	3	102.0	0.21568627451	0.554833134898
21	4	67.0	0.432835820896	1.0
21	5	32.0	0.59375	1.0
21	6	8.0	0.875	1.0
21	7	14.0	0.5	1.0
21	8	2.0	0.0	0.0
21	9	0.0	0	NA
21	10	0.0	0	NA
21	11	0.0	0	NA
21	12	0.0	0	NA
21	13	0.0	0	NA
21	14	0.0	0	NA
21	15	0.0	0	NA
22	1	477.0	0.0	0.0
22	2	301.0	0.205980066445	0.487539315591
22	3	157.0	0.452229299363	0.949346259147
22	4	66.0	0.393939393939	1.0
22	5	35.0	0.514285714286	1.0
22	6	16.0	0.4375	0.860549121659
22	7	2.0	1.0	1.0
22	8	9.0	0.666666666667	1.0
22	9	1.0	1.0	1.0
22	10	1.0	1.0	1.0
22	11	0.0	0	NA
22	12	0.0	0	NA
22	13	0.0	0	NA
22	14	0.0	0	NA
22	15	0.0	0	NA
23	1	258.0	0.0	0.0
23	2	43.0	0.255813953488	0.575046486116
23	3	16.0	0.8125	1.0
23	4	4.0	0.25	0.526930807197
23	5	0.0	0	NA
23	6	0.0	0	NA
23	7	0.0	0	NA
23	8	0.0	0	NA
23	9	0.0	0	NA
23	10	0.0	0	NA
23	11	0.0	0	NA
23	12	0.0	0	NA
23	13	0.0	0	NA
23	14	0.0	0	NA
23	15	0.0	0	NA
24	1	0.0	0	NA
24	2	0.0	0	NA
24	3	0.0	0	NA
24	4	0.0	0	NA
24	5	0.0	0	NA
24	6	0.0	0	NA
24	7	0.0	0	NA
24	8	0.0	0	NA
24	9	0.0	0	NA
24	10	0.0	0	NA
24	11	0.0	0	NA
24	12	0.0	0	NA
24	13	0.0	0	NA
24	14	0.0	0	NA
24	15	0.0	0	NA
25	1	530.0	0.0	0.0
25	2	244.0	0.274590163934	0.675069294942
25	3	147.0	0.312925170068	0.821914924485
25	4	48.0	0.1875	0.423378512756
25	5	23.0	0.434782608696	1.0
25	6	13.0	0.538461538462	1.0
25	7	0.0	0	NA
25	8	0.0	0	NA
25	9	1.0	0.0	0.0
25	10	0.0	0	NA
25	11	0.0	0	NA
25	12	0.0	0	NA
25	13	0.0	0	NA
25	14	0.0	0	NA
25	15	0.0	0	NA
26	1	441.0	0.0	0.0
26	2	423.0	0.208037825059	0.486247367985
26	3	240.0	0.3375	0.800555099845
26	4	123.0	0.439024390244	0.976794615367
26	5	93.0	0.505376344086	1.0
26	6	47.0	0.404255319149	1.0
26	7	33.0	0.393939393939	0.878964547331
26	8	41.0	0.560975609756	1.0
26	9	5.0	0.6	1.0
26	10	18.0	0.611111111111	1.0
26	11	1.0	1.0	1.0
26	12	2.0	1.0	1.0
26	13	0.0	0	NA
26	14	0.0	0	NA
26	15	0.0	0	NA
27	1	593.0	0.0	0.0
27	2	246.0	0.117886178862	0.290779066446
27	3	137.0	0.474452554745	1.0
27	4	62.0	0.370967741935	0.835883186407
27	5	18.0	0.555555555556	1.0
27	6	23.0	0.478260869565	1.0
27	7	1.0	1.0	1.0
27	8	0.0	0	NA
27	9	1.0	0.0	0.0
27	10	0.0	0	NA
27	11	2.0	0.0	0.0
27	12	0.0	0	NA
27	13	0.0	0	NA
27	14	0.0	0	NA
27	15	0.0	0	NA
28	1	454.0	0.0	0.0
28	2	171.0	0.280701754386	0.657721798939
28	3	40.0	0.575	1.0
28	4	26.0	0.307692307692	0.911512236558
28	5	5.0	0.8	1.0
28	6	0.0	0	NA
28	7	1.0	1.0	1.0
28	8	0.0	0	NA
28	9	0.0	0	NA
28	10	0.0	0	NA
28	11	0.0	0	NA
28	12	0.0	0	NA
28	13	0.0	0	NA
28	14	0.0	0	NA
28	15	0.0	0	NA
29	1	465.0	0.0	0.0
29	2	235.0	0.217021276596	0.496375858548
29	3	79.0	0.278481012658	0.622694579011
29	4	33.0	0.575757575758	1.0
29	5	8.0	0.5	0.926670053593
29	6	10.0	0.5	1.0
29	7	6.0	0.333333333333	0.611995458704
29	8	0.0	0	NA
29	9	0.0	0	NA
29	10	0.0	0	NA
29	11	0.0	0	NA
29	12	7.0	1.0	1.0
29	13	0.0	0	NA
29	14	0.0	0	NA
29	15	0.0	0	NA
30	1	434.0	0.0	0.0
30	2	159.0	0.213836477987	0.48952169142
30	3	95.0	0.252631578947	0.627258990496
30	4	26.0	0.346153846154	0.898323449957
30	5	3.0	1.0	1.0
30	6	1.0	1.0	1.0
30	7	0.0	0	NA
30	8	0.0	0	NA
30	9	0.0	0	NA
30	10	0.0	0	NA
30	11	0.0	0	NA
30	12	0.0	0	NA
30	13	0.0	0	NA
30	14	0.0	0	NA
30	15	0.0	0	NA
31	1	239.0	0.0	0.0
31	2	41.0	0.0487804878049	0.132171154223
31	3	16.0	0.1875	0.417113766341
31	4	0.0	0	NA
31	5	0.0	0	NA
31	6	0.0	0	NA
31	7	0.0	0	NA
31	8	0.0	0	NA
31	9	0.0	0	NA
31	10	0.0	0	NA
31	11	0.0	0	NA
31	12	0.0	0	NA
31	13	0.0	0	NA
31	14	0.0	0	NA
31	15	0.0	0	NA
32	1	383.0	0.0	0.0
32	2	156.0	0.217948717949	0.495655148483
32	3	21.0	0.142857142857	0.3246917612
32	4	8.0	0.75	1.0
32	5	0.0	0	NA
32	6	4.0	0.25	0.525258458409
32	7	0.0	0	NA
32	8	0.0	0	NA
32	9	0.0	0	NA
32	10	0.0	0	NA
32	11	0.0	0	NA
32	12	0.0	0	NA
32	13	0.0	0	NA
32	14	0.0	0	NA
32	15	0.0	0	NA
33	1	364.0	0.0	0.0
33	2	122.0	0.16393442623	0.38138727781
33	3	35.0	0.114285714286	0.25492252311
33	4	13.0	0.230769230769	0.666414034598
33	5	7.0	0.142857142857	0.239688464763
33	6	0.0	0	NA
33	7	2.0	0.0	0.0
33	8	0.0	0	NA
33	9	1.0	0.0	0.0
33	10	0.0	0	NA
33	11	0.0	0	NA
33	12	0.0	0	NA
33	13	0.0	0	NA
33	14	0.0	0	NA
33	15	0.0	0	NA
34	1	224.0	0.0	0.0
34	2	55.0	0.272727272727	0.601362031479
34	3	4.0	0.75	1.0
34	4	7.0	0.571428571429	1.0
34	5	0.0	0	NA
34	6	2.0	0.5	1.0
34	7	0.0	0	NA
34	8	0.0	0	NA
34	9	0.0	0	NA
34	10	0.0	0	NA
34	11	0.0	0	NA
34	12	0.0	0	NA
34	13	0.0	0	NA
34	14	0.0	0	NA
34	15	0.0	0	NA
35	1	322.0	0.0	0.0
35	2	96.0	0.09375	0.226866885707
35	3	26.0	0.153846153846	0.442239338584
35	4	2.0	0.0	0.0
35	5	0.0	0	NA
35	6	0.0	0	NA
35	7	0.0	0	NA
35	8	0.0	0	NA
35	9	0.0	0	NA
35	10	0.0	0	NA
35	11	0.0	0	NA
35	12	0.0	0	NA
35	13	0.0	0	NA
35	14	0.0	0	NA
35	15	0.0	0	NA
36	1	282.0	0.0	0.0
36	2	95.0	0.105263157895	0.2599085182
36	3	18.0	0.222222222222	0.736797739303
36	4	11.0	0.363636363636	1.0
36	5	0.0	0	NA
36	6	0.0	0	NA
36	7	0.0	0	NA
36	8	0.0	0	NA
36	9	0.0	0	NA
36	10	0.0	0	NA
36	11	0.0	0	NA
36	12	0.0	0	NA
36	13	0.0	0	NA
36	14	0.0	0	NA
36	15	0.0	0	NA
37	1	148.0	0.0	0.0
37	2	25.0	0.0	0.0
37	3	2.0	0.0	0.0
37	4	0.0	0	NA
37	5	0.0	0	NA
37	6	1.0	0.0	0.0
37	7	0.0	0	NA
37	8	0.0	0	NA
37	9	0.0	0	NA
37	10	0.0	0	NA
37	11	0.0	0	NA
37	12	0.0	0	NA
37	13	0.0	0	NA
37	14	0.0	0	NA
37	15	0.0	0	NA
38	1	495.0	0.0	0.0
38	2	181.0	0.116022099448	0.273094921192
38	3	59.0	0.491525423729	1.0
38	4	57.0	0.385964912281	0.810396679916
38	5	12.0	0.416666666667	1.0
38	6	0.0	0	NA
38	7	8.0	1.0	1.0
38	8	0.0	0	NA
38	9	0.0	0	NA
38	10	0.0	0	NA
38	11	0.0	0	NA
38	12	0.0	0	NA
38	13	0.0	0	NA
38	14	0.0	0	NA
38	15	0.0	0	NA
39	1	440.0	0.0	0.0
39	2	430.0	0.195348837209	0.464381207233
39	3	145.0	0.2	0.440373946374
39	4	78.0	0.423076923077	1.0
39	5	28.0	0.142857142857	0.399424945654
39	6	19.0	0.473684210526	1.0
39	7	4.0	0.0	0.0
39	8	5.0	0.6	1.0
39	9	0.0	0	NA
39	10	0.0	0	NA
39	11	0.0	0	NA
39	12	1.0	1.0	1.0
39	13	0.0	0	NA
39	14	0.0	0	NA
39	15	0.0	0	NA
40	1	479.0	0.0	0.0
40	2	157.0	0.197452229299	0.492645235858
40	3	55.0	0.0545454545455	0.138644955868
40	4	33.0	0.515151515152	1.0
40	5	10.0	0.0	0.0
40	6	3.0	0.0	0.0
40	7	0.0	0	NA
40	8	0.0	0	NA
40	9	0.0	0	NA
40	10	0.0	0	NA
40	11	0.0	0	NA
40	12	0.0	0	NA
40	13	0.0	0	NA
40	14	0.0	0	NA
40	15	0.0	0	NA
41	1	368.0	0.0	0.0
41	2	126.0	0.230158730159	0.530593261581
41	3	29.0	0.51724137931	1.0
41	4	7.0	0.571428571429	0.973724375602
41	5	0.0	0	NA
41	6	0.0	0	NA
41	7	0.0	0	NA
41	8	0.0	0	NA
41	9	0.0	0	NA
41	10	0.0	0	NA
41	11	0.0	0	NA
41	12	0.0	0	NA
41	13	0.0	0	NA
41	14	0.0	0	NA
41	15	0.0	0	NA
42	1	359.0	0.0	0.0
42	2	104.0	0.230769230769	0.537873360266
42	3	27.0	0.259259259259	0.803680060989
42	4	3.0	0.666666666667	1.0
42	5	1.0	1.0	1.0
42	6	0.0	0	NA
42	7	0.0	0	NA
42	8	0.0	0	NA
42	9	0.0	0	NA
42	10	0.0	0	NA
42	11	0.0	0	NA
42	12	0.0	0	NA
42	13	0.0	0	NA
42	14	0.0	0	NA
42	15	0.0	0	NA
43	1	557.0	0.0	0.0
43	2	267.0	0.224719101124	0.513280922333
43	3	161.0	0.267080745342	0.645058527218
43	4	56.0	0.392857142857	0.906950854399
43	5	30.0	0.4	1.0
43	6	5.0	1.0	1.0
43	7	7.0	0.285714285714	0.951715592614
43	8	1.0	1.0	1.0
43	9	0.0	0	NA
43	10	0.0	0	NA
43	11	0.0	0	NA
43	12	0.0	0	NA
43	13	0.0	0	NA
43	14	0.0	0	NA
43	15	0.0	0	NA
44	1	552.0	0.0	0.0
44	2	217.0	0.101382488479	0.22952694415
44	3	103.0	0.417475728155	0.834528283424
44	4	29.0	0.241379310345	0.520940389493
44	5	14.0	0.5	0.996217537823
44	6	8.0	0.125	0.38783090351
44	7	3.0	0.666666666667	1.0
44	8	1.0	0.0	0.0
44	9	3.0	0.0	0.0
44	10	0.0	0	NA
44	11	0.0	0	NA
44	12	0.0	0	NA
44	13	0.0	0	NA
44	14	0.0	0	NA
44	15	0.0	0	NA
45	1	345.0	0.0	0.0
45	2	412.0	0.167475728155	0.401913706089
45	3	280.0	0.378571428571	0.851546838469
45	4	253.0	0.478260869565	1.0
45	5	166.0	0.566265060241	1.0
45	6	100.0	0.65	1.0
45	7	77.0	0.753246753247	1.0
45	8	22.0	0.5	1.0
45	9	13.0	0.692307692308	1.0
45	10	30.0	0.766666666667	1.0
45	11	18.0	0.833333333333	1.0
45	12	6.0	0.833333333333	1.0
45	13	10.0	0.6	1.0
45	14	3.0	0.333333333333	1.0
45	15	2.0	0.5	1.0
46	1	523.0	0.0	0.0
46	2	291.0	0.175257731959	0.378527544265
46	3	144.0	0.361111111111	0.851513618221
46	4	56.0	0.285714285714	0.762102531529
46	5	23.0	0.565217391304	1.0
46	6	10.0	0.4	1.0
46	7	0.0	0	NA
46	8	0.0	0	NA
46	9	1.0	1.0	1.0
46	10	0.0	0	NA
46	11	0.0	0	NA
46	12	0.0	0	NA
46	13	0.0	0	NA
46	14	0.0	0	NA
46	15	0.0	0	NA
47	1	514.0	0.0	0.0
47	2	125.0	0.136	0.320854566829
47	3	41.0	0.170731707317	0.434384765003
47	4	26.0	0.115384615385	0.304162068288
47	5	7.0	0.571428571429	1.0
47	6	0.0	0	NA
47	7	0.0	0	NA
47	8	0.0	0	NA
47	9	0.0	0	NA
47	10	0.0	0	NA
47	11	0.0	0	NA
47	12	0.0	0	NA
47	13	0.0	0	NA
47	14	0.0	0	NA
47	15	0.0	0	NA
48	1	590.0	0.0	0.0
48	2	343.0	0.174927113703	0.420774938741
48	3	161.0	0.366459627329	0.856450614367
48	4	48.0	0.333333333333	0.915167116581
48	5	42.0	0.380952380952	0.938659064562
48	6	15.0	0.8	1.0
48	7	0.0	0	NA
48	8	3.0	0.666666666667	1.0
48	9	2.0	0.5	1.0
48	10	5.0	0.8	1.0
48	11	2.0	0.5	1.0
48	12	0.0	0	NA
48	13	0.0	0	NA
48	14	0.0	0	NA
48	15	0.0	0	NA
49	1	431.0	0.0	0.0
49	2	140.0	0.121428571429	0.290761174104
49	3	43.0	0.46511627907	0.980350177261
49	4	17.0	0.294117647059	1.0
49	5	1.0	0.0	0.0
49	6	2.0	0.5	0.74887807228
49	7	0.0	0	NA
49	8	0.0	0	NA
49	9	0.0	0	NA
49	10	0.0	0	NA
49	11	0.0	0	NA
49	12	0.0	0	NA
49	13	0.0	0	NA
49	14	0.0	0	NA
49	15	0.0	0	NA
50	1	535.0	0.0	0.0
50	2	334.0	0.155688622754	0.375594111733
50	3	207.0	0.183574879227	0.431831957893
50	4	83.0	0.421686746988	0.881296907821
50	5	54.0	0.277777777778	0.705124758895
50	6	68.0	0.5	1.0
50	7	22.0	0.545454545455	1.0
50	8	6.0	0.333333333333	0.612975010829
50	9	6.0	0.166666666667	0.809179530454
50	10	2.0	0.5	1.0
50	11	0.0	0	NA
50	12	7.0	1.0	1.0
50	13	0.0	0	NA
50	14	0.0	0	NA
50	15	0.0	0	NA
51	1	262.0	0.0	0.0
51	2	55.0	0.0727272727273	0.180994381029
51	3	16.0	0.25	0.895322685168
51	4	1.0	0.0	0.0
51	5	0.0	0	NA
51	6	0.0	0	NA
51	7	0.0	0	NA
51	8	0.0	0	NA
51	9	0.0	0	NA
51	10	0.0	0	NA
51	11	0.0	0	NA
51	12	0.0	0	NA
51	13	0.0	0	NA
51	14	0.0	0	NA
51	15	0.0	0	NA
52	1	344.0	0.0	0.0
52	2	63.0	0.253968253968	0.610515956274
52	3	3.0	0.0	0.0
52	4	0.0	0	NA
52	5	2.0	0.0	0.0
52	6	0.0	0	NA
52	7	0.0	0	NA
52	8	0.0	0	NA
52	9	0.0	0	NA
52	10	0.0	0	NA
52	11	0.0	0	NA
52	12	0.0	0	NA
52	13	0.0	0	NA
52	14	0.0	0	NA
52	15	0.0	0	NA
53	1	520.0	0.0	0.0
53	2	185.0	0.172972972973	0.409891354777
53	3	87.0	0.183908045977	0.43258315945
53	4	44.0	0.590909090909	1.0
53	5	11.0	0.545454545455	1.0
53	6	5.0	0.4	1.0
53	7	6.0	0.166666666667	0.870440284669
53	8	0.0	0	NA
53	9	4.0	0.5	1.0
53	10	0.0	0	NA
53	11	0.0	0	NA
53	12	0.0	0	NA
53	13	0.0	0	NA
53	14	0.0	0	NA
53	15	0.0	0	NA
54	1	483.0	0.0	0.0
54	2	248.0	0.189516129032	0.451511795676
54	3	59.0	0.237288135593	0.516125988881
54	4	31.0	0.290322580645	0.720021105764
54	5	14.0	0.357142857143	1.0
54	6	2.0	0.5	1.0
54	7	3.0	1.0	1.0
54	8	0.0	0	NA
54	9	0.0	0	NA
54	10	0.0	0	NA
54	11	0.0	0	NA
54	12	0.0	0	NA
54	13	0.0	0	NA
54	14	0.0	0	NA
54	15	0.0	0	NA
55	1	526.0	0.0	0.0
55	2	271.0	0.147601476015	0.362684719402
55	3	106.0	0.396226415094	0.881023362619
55	4	45.0	0.288888888889	0.871898531231
55	5	17.0	0.529411764706	1.0
55	6	10.0	0.7	1.0
55	7	11.0	1.0	1.0
55	8	0.0	0	NA
55	9	3.0	0.0	0.0
55	10	0.0	0	NA
55	11	0.0	0	NA
55	12	0.0	0	NA
55	13	0.0	0	NA
55	14	0.0	0	NA
55	15	0.0	0	NA
56	1	498.0	0.0	0.0
56	2	189.0	0.227513227513	0.532998879073
56	3	84.0	0.238095238095	0.536444844933
56	4	38.0	0.552631578947	1.0
56	5	11.0	0.363636363636	0.940782513309
56	6	0.0	0	NA
56	7	0.0	0	NA
56	8	2.0	0.5	1.0
56	9	0.0	0	NA
56	10	0.0	0	NA
56	11	0.0	0	NA
56	12	0.0	0	NA
56	13	0.0	0	NA
56	14	0.0	0	NA
56	15	0.0	0	NA
57	1	484.0	0.0	0.0
57	2	318.0	0.198113207547	0.459423319777
57	3	188.0	0.329787234043	0.711271569528
57	4	160.0	0.5	1.0
57	5	56.0	0.25	0.735016728228
57	6	30.0	0.7	1.0
57	7	20.0	0.8	1.0
57	8	8.0	0.375	1.0
57	9	0.0	0	NA
57	10	2.0	0.5	1.0
57	11	1.0	1.0	1.0
57	12	0.0	0	NA
57	13	0.0	0	NA
57	14	0.0	0	NA
57	15	0.0	0	NA
58	1	531.0	0.0	0.0
58	2	319.0	0.244514106583	0.562956128218
58	3	117.0	0.367521367521	0.889910283421
58	4	40.0	0.425	1.0
58	5	13.0	0.538461538462	1.0
58	6	12.0	0.75	1.0
58	7	1.0	1.0	1.0
58	8	7.0	0.714285714286	1.0
58	9	0.0	0	NA
58	10	1.0	1.0	1.0
58	11	0.0	0	NA
58	12	0.0	0	NA
58	13	0.0	0	NA
58	14	0.0	0	NA
58	15	0.0	0	NA
59	1	400.0	0.0	0.0
59	2	415.0	0.185542168675	0.434725832396
59	3	267.0	0.348314606742	0.823971561899
59	4	157.0	0.426751592357	0.957450760681
59	5	77.0	0.454545454545	1.0
59	6	105.0	0.542857142857	1.0
59	7	80.0	0.55	1.0
59	8	14.0	0.571428571429	1.0
59	9	10.0	0.4	1.0
59	10	6.0	0.666666666667	1.0
59	11	11.0	0.818181818182	1.0
59	12	1.0	0.0	0.0
59	13	0.0	0	NA
59	14	2.0	1.0	1.0
59	15	3.0	0.666666666667	1.0
60	1	129.0	0.0	0.0
60	2	24.0	0.166666666667	0.436570084537
60	3	4.0	0.0	0.0
60	4	0.0	0	NA
60	5	0.0	0	NA
60	6	0.0	0	NA
60	7	0.0	0	NA
60	8	0.0	0	NA
60	9	0.0	0	NA
60	10	0.0	0	NA
60	11	0.0	0	NA
60	12	0.0	0	NA
60	13	0.0	0	NA
60	14	0.0	0	NA
60	15	0.0	0	NA
61	1	355.0	0.0	0.0
61	2	104.0	0.163461538462	0.403638131957
61	3	44.0	0.477272727273	1.0
61	4	4.0	0.5	1.0
61	5	1.0	1.0	1.0
61	6	0.0	0	NA
61	7	0.0	0	NA
61	8	0.0	0	NA
61	9	0.0	0	NA
61	10	0.0	0	NA
61	11	0.0	0	NA
61	12	0.0	0	NA
61	13	0.0	0	NA
61	14	0.0	0	NA
61	15	0.0	0	NA
62	1	425.0	0.0	0.0
62	2	357.0	0.156862745098	0.3851253256
62	3	271.0	0.269372693727	0.638641277807
62	4	170.0	0.341176470588	0.745387202906
62	5	103.0	0.495145631068	1.0
62	6	64.0	0.40625	0.89488969787
62	7	41.0	0.560975609756	1.0
62	8	38.0	0.736842105263	1.0
62	9	15.0	0.733333333333	1.0
62	10	11.0	0.909090909091	1.0
62	11	0.0	0	NA
62	12	2.0	1.0	1.0
62	13	0.0	0	NA
62	14	0.0	0	NA
62	15	1.0	1.0	1.0
63	1	458.0	0.0	0.0
63	2	166.0	0.174698795181	0.441880793305
63	3	59.0	0.169491525424	0.38842603505
63	4	18.0	0.277777777778	0.606716154238
63	5	0.0	0	NA
63	6	0.0	0	NA
63	7	1.0	0.0	0.0
63	8	0.0	0	NA
63	9	0.0	0	NA
63	10	0.0	0	NA
63	11	0.0	0	NA
63	12	0.0	0	NA
63	13	0.0	0	NA
63	14	0.0	0	NA
63	15	0.0	0	NA
64	1	325.0	0.0	0.0
64	2	63.0	0.238095238095	0.658373502351
64	3	6.0	0.666666666667	1.0
64	4	3.0	0.0	0.0
64	5	2.0	0.0	0.0
64	6	0.0	0	NA
64	7	0.0	0	NA
64	8	0.0	0	NA
64	9	0.0	0	NA
64	10	0.0	0	NA
64	11	0.0	0	NA
64	12	0.0	0	NA
64	13	0.0	0	NA
64	14	0.0	0	NA
64	15	0.0	0	NA
65	1	541.0	0.0	0.0
65	2	366.0	0.177595628415	0.439084561788
65	3	170.0	0.311764705882	0.705662075006
65	4	60.0	0.366666666667	0.751139193471
65	5	39.0	0.641025641026	1.0
65	6	10.0	0.5	0.823274736403
65	7	8.0	0.75	1.0
65	8	0.0	0	NA
65	9	3.0	1.0	1.0
65	10	1.0	1.0	1.0
65	11	0.0	0	NA
65	12	0.0	0	NA
65	13	0.0	0	NA
65	14	0.0	0	NA
65	15	0.0	0	NA
66	1	474.0	0.0	0.0
66	2	205.0	0.117073170732	0.302899575212
66	3	97.0	0.268041237113	0.639816827507
66	4	33.0	0.393939393939	1.0
66	5	17.0	0.529411764706	1.0
66	6	1.0	1.0	1.0
66	7	2.0	0.0	0.0
66	8	0.0	0	NA
66	9	1.0	0.0	0.0
66	10	1.0	0.0	0.0
66	11	0.0	0	NA
66	12	0.0	0	NA
66	13	0.0	0	NA
66	14	0.0	0	NA
66	15	0.0	0	NA
67	1	582.0	0.0	0.0
67	2	310.0	0.216129032258	0.50437108417
67	3	147.0	0.408163265306	0.922952084181
67	4	79.0	0.354430379747	0.855439065196
67	5	35.0	0.6	1.0
67	6	18.0	0.388888888889	1.0
67	7	4.0	0.5	1.0
67	8	6.0	0.5	1.0
67	9	0.0	0	NA
67	10	1.0	1.0	1.0
67	11	0.0	0	NA
67	12	0.0	0	NA
67	13	0.0	0	NA
67	14	0.0	0	NA
67	15	0.0	0	NA
68	1	486.0	0.0	0.0
68	2	182.0	0.197802197802	0.472747578703
68	3	65.0	0.230769230769	0.547242913838
68	4	27.0	0.444444444444	0.998257679678
68	5	11.0	0.181818181818	0.324794219055
68	6	3.0	0.666666666667	1.0
68	7	0.0	0	NA
68	8	1.0	1.0	1.0
68	9	0.0	0	NA
68	10	0.0	0	NA
68	11	0.0	0	NA
68	12	0.0	0	NA
68	13	0.0	0	NA
68	14	0.0	0	NA
68	15	0.0	0	NA
69	1	216.0	0.0	0.0
69	2	28.0	0.0	0.0
69	3	5.0	0.0	0.0
69	4	0.0	0	NA
69	5	0.0	0	NA
69	6	0.0	0	NA
69	7	0.0	0	NA
69	8	0.0	0	NA
69	9	0.0	0	NA
69	10	0.0	0	NA
69	11	0.0	0	NA
69	12	0.0	0	NA
69	13	0.0	0	NA
69	14	0.0	0	NA
69	15	0.0	0	NA
70	1	426.0	0.0	0.0
70	2	316.0	0.170886075949	0.382595829238
70	3	286.0	0.269230769231	0.610141515033
70	4	140.0	0.457142857143	1.0
70	5	119.0	0.512605042017	1.0
70	6	61.0	0.360655737705	0.774922964349
70	7	27.0	0.592592592593	1.0
70	8	29.0	0.51724137931	1.0
70	9	15.0	0.666666666667	1.0
70	10	3.0	0.666666666667	1.0
70	11	6.0	1.0	1.0
70	12	13.0	0.846153846154	1.0
70	13	2.0	1.0	1.0
70	14	3.0	1.0	1.0
70	15	1.0	1.0	1.0
71	1	387.0	0.0	0.0
71	2	58.0	0.258620689655	0.589383279831
71	3	11.0	0.454545454545	1.0
71	4	1.0	1.0	1.0
71	5	1.0	1.0	1.0
71	6	0.0	0	NA
71	7	0.0	0	NA
71	8	0.0	0	NA
71	9	0.0	0	NA
71	10	0.0	0	NA
71	11	0.0	0	NA
71	12	0.0	0	NA
71	13	0.0	0	NA
71	14	0.0	0	NA
71	15	0.0	0	NA
72	1	477.0	0.0	0.0
72	2	369.0	0.184281842818	0.419275687834
72	3	265.0	0.283018867925	0.677724063714
72	4	197.0	0.426395939086	0.968184416132
72	5	94.0	0.372340425532	1.0
72	6	35.0	0.457142857143	1.0
72	7	32.0	0.375	1.0
72	8	15.0	0.666666666667	1.0
72	9	2.0	0.5	1.0
72	10	5.0	0.4	1.0
72	11	5.0	0.8	1.0
72	12	0.0	0	NA
72	13	0.0	0	NA
72	14	0.0	0	NA
72	15	0.0	0	NA
73	1	489.0	0.0	0.0
73	2	182.0	0.230769230769	0.497551114073
73	3	63.0	0.428571428571	1.0
73	4	21.0	0.142857142857	0.365760338588
73	5	5.0	0.0	0.0
73	6	0.0	0	NA
73	7	0.0	0	NA
73	8	0.0	0	NA
73	9	0.0	0	NA
73	10	0.0	0	NA
73	11	0.0	0	NA
73	12	0.0	0	NA
73	13	0.0	0	NA
73	14	0.0	0	NA
73	15	0.0	0	NA
74	1	62.0	0.0	0.0
74	2	18.0	0.0	0.0
74	3	3.0	0.0	0.0
74	4	0.0	0	NA
74	5	0.0	0	NA
74	6	0.0	0	NA
74	7	0.0	0	NA
74	8	0.0	0	NA
74	9	0.0	0	NA
74	10	0.0	0	NA
74	11	0.0	0	NA
74	12	0.0	0	NA
74	13	0.0	0	NA
74	14	0.0	0	NA
74	15	0.0	0	NA
75	1	500.0	0.0	0.0
75	2	350.0	0.18	0.432751800473
75	3	155.0	0.206451612903	0.464182033154
75	4	80.0	0.425	1.0
75	5	32.0	0.59375	1.0
75	6	18.0	0.5	1.0
75	7	11.0	0.636363636364	1.0
75	8	3.0	0.333333333333	1.0
75	9	3.0	1.0	1.0
75	10	0.0	0	NA
75	11	0.0	0	NA
75	12	1.0	0.0	0.0
75	13	0.0	0	NA
75	14	0.0	0	NA
75	15	0.0	0	NA
76	1	267.0	0.0	0.0
76	2	33.0	0.30303030303	0.583193743641
76	3	0.0	0	NA
76	4	0.0	0	NA
76	5	0.0	0	NA
76	6	1.0	1.0	1.0
76	7	0.0	0	NA
76	8	0.0	0	NA
76	9	0.0	0	NA
76	10	0.0	0	NA
76	11	0.0	0	NA
76	12	0.0	0	NA
76	13	0.0	0	NA
76	14	0.0	0	NA
76	15	0.0	0	NA
77	1	402.0	0.0	0.0
77	2	131.0	0.160305343511	0.369766116704
77	3	29.0	0.206896551724	0.549468900452
77	4	2.0	1.0	1.0
77	5	1.0	0.0	0.0
77	6	0.0	0	NA
77	7	0.0	0	NA
77	8	0.0	0	NA
77	9	0.0	0	NA
77	10	0.0	0	NA
77	11	0.0	0	NA
77	12	0.0	0	NA
77	13	0.0	0	NA
77	14	0.0	0	NA
77	15	0.0	0	NA
78	1	240.0	0.0	0.0
78	2	61.0	0.0819672131148	0.222151871327
78	3	4.0	0.25	1.0
78	4	0.0	0	NA
78	5	0.0	0	NA
78	6	0.0	0	NA
78	7	0.0	0	NA
78	8	0.0	0	NA
78	9	0.0	0	NA
78	10	0.0	0	NA
78	11	0.0	0	NA
78	12	0.0	0	NA
78	13	0.0	0	NA
78	14	0.0	0	NA
78	15	0.0	0	NA
79	1	365.0	0.0	0.0
79	2	102.0	0.137254901961	0.360969481474
79	3	55.0	0.218181818182	0.582596977298
79	4	3.0	0.0	0.0
79	5	1.0	1.0	1.0
79	6	0.0	0	NA
79	7	0.0	0	NA
79	8	0.0	0	NA
79	9	0.0	0	NA
79	10	0.0	0	NA
79	11	0.0	0	NA
79	12	0.0	0	NA
79	13	0.0	0	NA
79	14	0.0	0	NA
79	15	0.0	0	NA
80	1	207.0	0.0	0.0
80	2	21.0	0.0952380952381	0.26910535057
80	3	8.0	1.0	1.0
80	4	0.0	0	NA
80	5	0.0	0	NA
80	6	0.0	0	NA
80	7	0.0	0	NA
80	8	0.0	0	NA
80	9	0.0	0	NA
80	10	0.0	0	NA
80	11	0.0	0	NA
80	12	0.0	0	NA
80	13	0.0	0	NA
80	14	0.0	0	NA
80	15	0.0	0	NA
81	1	143.0	0.0	0.0
81	2	25.0	0.04	0.110281545677
81	3	5.0	1.0	1.0
81	4	0.0	0	NA
81	5	0.0	0	NA
81	6	0.0	0	NA
81	7	0.0	0	NA
81	8	0.0	0	NA
81	9	0.0	0	NA
81	10	0.0	0	NA
81	11	0.0	0	NA
81	12	0.0	0	NA
81	13	0.0	0	NA
81	14	0.0	0	NA
81	15	0.0	0	NA
82	1	177.0	0.0	0.0
82	2	10.0	0.0	0.0
82	3	4.0	0.0	0.0
82	4	0.0	0	NA
82	5	0.0	0	NA
82	6	0.0	0	NA
82	7	0.0	0	NA
82	8	0.0	0	NA
82	9	0.0	0	NA
82	10	0.0	0	NA
82	11	0.0	0	NA
82	12	0.0	0	NA
82	13	0.0	0	NA
82	14	0.0	0	NA
82	15	0.0	0	NA
83	1	277.0	0.0	0.0
83	2	68.0	0.308823529412	0.733547907376
83	3	23.0	0.347826086957	0.894141256378
83	4	3.0	0.0	0.0
83	5	0.0	0	NA
83	6	0.0	0	NA
83	7	0.0	0	NA
83	8	0.0	0	NA
83	9	0.0	0	NA
83	10	0.0	0	NA
83	11	0.0	0	NA
83	12	0.0	0	NA
83	13	0.0	0	NA
83	14	0.0	0	NA
83	15	0.0	0	NA
84	1	233.0	0.0	0.0
84	2	33.0	0.0	0.0
84	3	7.0	0.0	0.0
84	4	0.0	0	NA
84	5	0.0	0	NA
84	6	0.0	0	NA
84	7	0.0	0	NA
84	8	0.0	0	NA
84	9	0.0	0	NA
84	10	0.0	0	NA
84	11	0.0	0	NA
84	12	0.0	0	NA
84	13	0.0	0	NA
84	14	0.0	0	NA
84	15	0.0	0	NA
85	1	349.0	0.0	0.0
85	2	72.0	0.180555555556	0.479028518666
85	3	32.0	0.3125	0.76334335804
85	4	9.0	0.444444444444	0.922354455089
85	5	0.0	0	NA
85	6	0.0	0	NA
85	7	0.0	0	NA
85	8	0.0	0	NA
85	9	0.0	0	NA
85	10	0.0	0	NA
85	11	0.0	0	NA
85	12	0.0	0	NA
85	13	0.0	0	NA
85	14	0.0	0	NA
85	15	0.0	0	NA
86	1	338.0	0.0	0.0
86	2	171.0	0.19298245614	0.486185438771
86	3	53.0	0.377358490566	0.990622140963
86	4	11.0	0.545454545455	1.0
86	5	1.0	1.0	1.0
86	6	0.0	0	NA
86	7	0.0	0	NA
86	8	0.0	0	NA
86	9	0.0	0	NA
86	10	0.0	0	NA
86	11	0.0	0	NA
86	12	0.0	0	NA
86	13	0.0	0	NA
86	14	0.0	0	NA
86	15	0.0	0	NA
87	1	172.0	0.0	0.0
87	2	5.0	0.2	0.694246599219
87	3	0.0	0	NA
87	4	0.0	0	NA
87	5	0.0	0	NA
87	6	0.0	0	NA
87	7	0.0	0	NA
87	8	0.0	0	NA
87	9	0.0	0	NA
87	10	0.0	0	NA
87	11	0.0	0	NA
87	12	0.0	0	NA
87	13	0.0	0	NA
87	14	0.0	0	NA
87	15	0.0	0	NA
88	1	534.0	0.0	0.0
88	2	211.0	0.236966824645	0.569753651803
88	3	87.0	0.436781609195	0.993641013361
88	4	30.0	0.4	1.0
88	5	7.0	0.285714285714	1.0
88	6	9.0	1.0	1.0
88	7	0.0	0	NA
88	8	3.0	1.0	1.0
88	9	0.0	0	NA
88	10	0.0	0	NA
88	11	0.0	0	NA
88	12	0.0	0	NA
88	13	0.0	0	NA
88	14	0.0	0	NA
88	15	0.0	0	NA
89	1	169.0	0.0	0.0
89	2	54.0	0.111111111111	0.281678139154
89	3	6.0	0.166666666667	0.428382816586
89	4	0.0	0	NA
89	5	0.0	0	NA
89	6	0.0	0	NA
89	7	0.0	0	NA
89	8	0.0	0	NA
89	9	0.0	0	NA
89	10	0.0	0	NA
89	11	0.0	0	NA
89	12	0.0	0	NA
89	13	0.0	0	NA
89	14	0.0	0	NA
89	15	0.0	0	NA
90	1	70.0	0.0	0.0
90	2	9.0	0.0	0.0
90	3	0.0	0	NA
90	4	0.0	0	NA
90	5	0.0	0	NA
90	6	0.0	0	NA
90	7	0.0	0	NA
90	8	0.0	0	NA
90	9	0.0	0	NA
90	10	0.0	0	NA
90	11	0.0	0	NA
90	12	0.0	0	NA
90	13	0.0	0	NA
90	14	0.0	0	NA
90	15	0.0	0	NA
91	1	318.0	0.0	0.0
91	2	87.0	0.149425287356	0.371026211654
91	3	8.0	0.75	1.0
91	4	0.0	0	NA
91	5	0.0	0	NA
91	6	0.0	0	NA
91	7	0.0	0	NA
91	8	0.0	0	NA
91	9	0.0	0	NA
91	10	0.0	0	NA
91	11	0.0	0	NA
91	12	0.0	0	NA
91	13	0.0	0	NA
91	14	0.0	0	NA
91	15	0.0	0	NA
92	1	513.0	0.0	0.0
92	2	350.0	0.171428571429	0.413778062287
92	3	154.0	0.318181818182	0.893183570964
92	4	69.0	0.391304347826	1.0
92	5	16.0	0.3125	0.784417958865
92	6	10.0	0.8	1.0
92	7	3.0	1.0	1.0
92	8	3.0	0.666666666667	1.0
92	9	2.0	0.5	1.0
92	10	0.0	0	NA
92	11	2.0	0.5	1.0
92	12	1.0	1.0	1.0
92	13	0.0	0	NA
92	14	0.0	0	NA
92	15	0.0	0	NA
93	1	204.0	0.0	0.0
93	2	38.0	0.105263157895	0.24601392348
93	3	0.0	0	NA
93	4	0.0	0	NA
93	5	0.0	0	NA
93	6	0.0	0	NA
93	7	0.0	0	NA
93	8	0.0	0	NA
93	9	0.0	0	NA
93	10	0.0	0	NA
93	11	0.0	0	NA
93	12	0.0	0	NA
93	13	0.0	0	NA
93	14	0.0	0	NA
93	15	0.0	0	NA
94	1	558.0	0.0	0.0
94	2	309.0	0.161812297735	0.367796282095
94	3	149.0	0.342281879195	0.753012754065
94	4	59.0	0.203389830508	0.544678338133
94	5	33.0	0.333333333333	0.930887461658
94	6	26.0	0.769230769231	1.0
94	7	1.0	1.0	1.0
94	8	1.0	0.0	0.0
94	9	2.0	0.5	1.0
94	10	0.0	0	NA
94	11	3.0	0.0	0.0
94	12	0.0	0	NA
94	13	0.0	0	NA
94	14	0.0	0	NA
94	15	0.0	0	NA
95	1	492.0	0.0	0.0
95	2	374.0	0.149732620321	0.348343404204
95	3	222.0	0.31981981982	0.701540108367
95	4	172.0	0.383720930233	1.0
95	5	63.0	0.349206349206	0.827243870362
95	6	64.0	0.546875	1.0
95	7	39.0	0.512820512821	1.0
95	8	15.0	0.6	1.0
95	9	7.0	0.142857142857	0.681569123725
95	10	0.0	0	NA
95	11	0.0	0	NA
95	12	0.0	0	NA
95	13	1.0	1.0	1.0
95	14	0.0	0	NA
95	15	0.0	0	NA
96	1	285.0	0.0	0.0
96	2	56.0	0.160714285714	0.381638373716
96	3	17.0	0.352941176471	0.636549659223
96	4	5.0	0.8	1.0
96	5	0.0	0	NA
96	6	0.0	0	NA
96	7	0.0	0	NA
96	8	0.0	0	NA
96	9	0.0	0	NA
96	10	0.0	0	NA
96	11	0.0	0	NA
96	12	0.0	0	NA
96	13	0.0	0	NA
96	14	0.0	0	NA
96	15	0.0	0	NA
97	1	571.0	0.0	0.0
97	2	330.0	0.136363636364	0.329374645557
97	3	188.0	0.425531914894	0.976847424581
97	4	54.0	0.388888888889	1.0
97	5	51.0	0.607843137255	1.0
97	6	28.0	0.428571428571	0.998310589767
97	7	8.0	0.5	1.0
97	8	4.0	0.25	0.768933942984
97	9	2.0	1.0	1.0
97	10	0.0	0	NA
97	11	0.0	0	NA
97	12	0.0	0	NA
97	13	0.0	0	NA
97	14	0.0	0	NA
97	15	0.0	0	NA
98	1	208.0	0.0	0.0
98	2	35.0	0.0285714285714	0.0649464630242
98	3	3.0	0.0	0.0
98	4	0.0	0	NA
98	5	0.0	0	NA
98	6	0.0	0	NA
98	7	0.0	0	NA
98	8	0.0	0	NA
98	9	0.0	0	NA
98	10	0.0	0	NA
98	11	0.0	0	NA
98	12	0.0	0	NA
98	13	0.0	0	NA
98	14	0.0	0	NA
98	15	0.0	0	NA
99	1	413.0	0.0	0.0
99	2	177.0	0.237288135593	0.571517776445
99	3	92.0	0.271739130435	0.615553103816
99	4	15.0	0.333333333333	0.762503679488
99	5	11.0	0.727272727273	1.0
99	6	1.0	1.0	1.0
99	7	3.0	0.666666666667	1.0
99	8	4.0	0.5	1.0
99	9	0.0	0	NA
99	10	0.0	0	NA
99	11	0.0	0	NA
99	12	0.0	0	NA
99	13	0.0	0	NA
99	14	0.0	0	NA
99	15	0.0	0	NA
100	1	324.0	0.0	0.0
100	2	350.0	0.208571428571	0.508969500975
100	3	306.0	0.372549019608	0.834935836389
100	4	229.0	0.524017467249	1.0
100	5	148.0	0.5	1.0
100	6	152.0	0.611842105263	1.0
100	7	71.0	0.619718309859	1.0
100	8	35.0	0.4	1.0
100	9	24.0	0.541666666667	1.0
100	10	26.0	0.423076923077	0.852601044838
100	11	15.0	0.733333333333	1.0
100	12	19.0	0.684210526316	1.0
100	13	12.0	0.75	1.0
100	14	8.0	1.0	1.0
100	15	2.0	1.0	1.0
101	1	535.0	0.0	0.0
101	2	218.0	0.252293577982	0.591762819167
101	3	73.0	0.383561643836	0.815864184246
101	4	29.0	0.310344827586	0.70371465052
101	5	24.0	0.625	1.0
101	6	0.0	0	NA
101	7	0.0	0	NA
101	8	0.0	0	NA
101	9	0.0	0	NA
101	10	0.0	0	NA
101	11	0.0	0	NA
101	12	0.0	0	NA
101	13	0.0	0	NA
101	14	0.0	0	NA
101	15	0.0	0	NA
102	1	464.0	0.0	0.0
102	2	336.0	0.181547619048	0.405180146988
102	3	218.0	0.344036697248	0.787838159825
102	4	106.0	0.424528301887	0.92499412632
102	5	45.0	0.288888888889	0.718768089457
102	6	38.0	0.368421052632	1.0
102	7	35.0	0.542857142857	1.0
102	8	5.0	0.6	0.908623194514
102	9	12.0	0.75	1.0
102	10	1.0	1.0	1.0
102	11	4.0	1.0	1.0
102	12	1.0	1.0	1.0
102	13	0.0	0	NA
102	14	0.0	0	NA
102	15	0.0	0	NA
103	1	545.0	0.0	0.0
103	2	184.0	0.179347826087	0.438153039745
103	3	116.0	0.215517241379	0.502514956397
103	4	22.0	0.363636363636	0.957649000582
103	5	15.0	0.333333333333	0.770863283043
103	6	7.0	0.0	0.0
103	7	0.0	0	NA
103	8	0.0	0	NA
103	9	0.0	0	NA
103	10	0.0	0	NA
103	11	0.0	0	NA
103	12	0.0	0	NA
103	13	0.0	0	NA
103	14	0.0	0	NA
103	15	0.0	0	NA
104	1	437.0	0.0	0.0
104	2	132.0	0.166666666667	0.404235261226
104	3	31.0	0.225806451613	0.531011767364
104	4	29.0	0.344827586207	0.713315131534
104	5	14.0	0.0714285714286	0.203842174915
104	6	0.0	0	NA
104	7	0.0	0	NA
104	8	0.0	0	NA
104	9	0.0	0	NA
104	10	0.0	0	NA
104	11	0.0	0	NA
104	12	0.0	0	NA
104	13	0.0	0	NA
104	14	0.0	0	NA
104	15	0.0	0	NA
105	1	549.0	0.0	0.0
105	2	115.0	0.208695652174	0.467529868113
105	3	57.0	0.228070175439	0.556612760234
105	4	61.0	0.622950819672	1.0
105	5	5.0	0.4	0.881717650547
105	6	1.0	0.0	0.0
105	7	0.0	0	NA
105	8	0.0	0	NA
105	9	0.0	0	NA
105	10	0.0	0	NA
105	11	0.0	0	NA
105	12	0.0	0	NA
105	13	0.0	0	NA
105	14	0.0	0	NA
105	15	0.0	0	NA
106	1	308.0	0.0	0.0
106	2	81.0	0.0864197530864	0.191049919561
106	3	9.0	0.0	0.0
106	4	2.0	0.0	0.0
106	5	0.0	0	NA
106	6	0.0	0	NA
106	7	0.0	0	NA
106	8	0.0	0	NA
106	9	0.0	0	NA
106	10	0.0	0	NA
106	11	0.0	0	NA
106	12	0.0	0	NA
106	13	0.0	0	NA
106	14	0.0	0	NA
106	15	0.0	0	NA
107	1	445.0	0.0	0.0
107	2	321.0	0.193146417445	0.462120181898
107	3	292.0	0.36301369863	0.802561428004
107	4	215.0	0.46511627907	1.0
107	5	114.0	0.464912280702	1.0
107	6	66.0	0.636363636364	1.0
107	7	38.0	0.657894736842	1.0
107	8	16.0	0.6875	1.0
107	9	9.0	0.666666666667	1.0
107	10	19.0	0.684210526316	1.0
107	11	5.0	0.4	0.917241407224
107	12	9.0	0.777777777778	1.0
107	13	1.0	1.0	1.0
107	14	2.0	1.0	1.0
107	15	1.0	1.0	1.0
108	1	432.0	0.0	0.0
108	2	215.0	0.102325581395	0.223990089582
108	3	70.0	0.342857142857	0.760457185679
108	4	12.0	0.666666666667	1.0
108	5	10.0	0.8	1.0
108	6	7.0	0.857142857143	1.0
108	7	0.0	0	NA
108	8	0.0	0	NA
108	9	0.0	0	NA
108	10	0.0	0	NA
108	11	0.0	0	NA
108	12	0.0	0	NA
108	13	0.0	0	NA
108	14	0.0	0	NA
108	15	0.0	0	NA
109	1	461.0	0.0	0.0
109	2	126.0	0.198412698413	0.49131340615
109	3	58.0	0.258620689655	0.615202456848
109	4	24.0	0.458333333333	1.0
109	5	1.0	0.0	0.0
109	6	3.0	0.333333333333	0.864903450887
109	7	4.0	0.25	1.0
109	8	0.0	0	NA
109	9	0.0	0	NA
109	10	0.0	0	NA
109	11	0.0	0	NA
109	12	0.0	0	NA
109	13	0.0	0	NA
109	14	0.0	0	NA
109	15	0.0	0	NA
110	1	336.0	0.0	0.0
110	2	130.0	0.146153846154	0.35417849878
110	3	45.0	0.2	0.46513952117
110	4	13.0	0.461538461538	1.0
110	5	1.0	0.0	0.0
110	6	0.0	0	NA
110	7	0.0	0	NA
110	8	0.0	0	NA
110	9	0.0	0	NA
110	10	0.0	0	NA
110	11	0.0	0	NA
110	12	0.0	0	NA
110	13	0.0	0	NA
110	14	0.0	0	NA
110	15	0.0	0	NA
111	1	397.0	0.0	0.0
111	2	365.0	0.194520547945	0.464065396894
111	3	270.0	0.307407407407	0.719588604941
111	4	169.0	0.313609467456	0.727842687507
111	5	125.0	0.536	1.0
111	6	105.0	0.580952380952	1.0
111	7	54.0	0.444444444444	0.965928384937
111	8	29.0	0.413793103448	0.870306779865
111	9	26.0	0.769230769231	0.974194353849
111	10	9.0	0.777777777778	1.0
111	11	17.0	0.470588235294	1.0
111	12	6.0	0.5	0.85112050943
111	13	6.0	0.5	1.0
111	14	2.0	0.5	0.98944879044
111	15	4.0	1.0	1.0
112	1	300.0	0.0	0.0
112	2	130.0	0.153846153846	0.362744773024
112	3	35.0	0.2	0.470795754568
112	4	2.0	0.5	1.0
112	5	2.0	1.0	1.0
112	6	0.0	0	NA
112	7	0.0	0	NA
112	8	0.0	0	NA
112	9	0.0	0	NA
112	10	0.0	0	NA
112	11	0.0	0	NA
112	12	0.0	0	NA
112	13	0.0	0	NA
112	14	0.0	0	NA
112	15	0.0	0	NA
113	1	416.0	0.0	0.0
113	2	136.0	0.198529411765	0.435237407681
113	3	48.0	0.4375	0.900289087829
113	4	22.0	0.5	1.0
113	5	0.0	0	NA
113	6	3.0	1.0	1.0
113	7	0.0	0	NA
113	8	0.0	0	NA
113	9	0.0	0	NA
113	10	0.0	0	NA
113	11	0.0	0	NA
113	12	0.0	0	NA
113	13	0.0	0	NA
113	14	0.0	0	NA
113	15	0.0	0	NA
114	1	567.0	0.0	0.0
114	2	235.0	0.178723404255	0.443485164801
114	3	134.0	0.186567164179	0.484844150034
114	4	37.0	0.486486486486	1.0
114	5	8.0	0.875	1.0
114	6	7.0	0.571428571429	1.0
114	7	6.0	0.333333333333	1.0
114	8	2.0	0.5	1.0
114	9	0.0	0	NA
114	10	0.0	0	NA
114	11	0.0	0	NA
114	12	0.0	0	NA
114	13	0.0	0	NA
114	14	0.0	0	NA
114	15	0.0	0	NA
115	1	564.0	0.0	0.0
115	2	229.0	0.227074235808	0.523836435262
115	3	88.0	0.352272727273	1.0
115	4	49.0	0.387755102041	1.0
115	5	9.0	0.444444444444	1.0
115	6	4.0	0.75	1.0
115	7	1.0	1.0	1.0
115	8	0.0	0	NA
115	9	0.0	0	NA
115	10	0.0	0	NA
115	11	0.0	0	NA
115	12	0.0	0	NA
115	13	0.0	0	NA
115	14	0.0	0	NA
115	15	0.0	0	NA
116	1	408.0	0.0	0.0
116	2	174.0	0.189655172414	0.472395455593
116	3	52.0	0.0	0.0
116	4	20.0	0.6	1.0
116	5	3.0	0.333333333333	1.0
116	6	1.0	0.0	0.0
116	7	0.0	0	NA
116	8	0.0	0	NA
116	9	0.0	0	NA
116	10	0.0	0	NA
116	11	0.0	0	NA
116	12	0.0	0	NA
116	13	0.0	0	NA
116	14	0.0	0	NA
116	15	0.0	0	NA
117	1	483.0	0.0	0.0
117	2	251.0	0.155378486056	0.357558751438
117	3	71.0	0.211267605634	0.646332243453
117	4	48.0	0.604166666667	1.0
117	5	8.0	0.125	0.2596042622
117	6	10.0	0.8	1.0
117	7	1.0	1.0	1.0
117	8	0.0	0	NA
117	9	0.0	0	NA
117	10	0.0	0	NA
117	11	0.0	0	NA
117	12	0.0	0	NA
117	13	0.0	0	NA
117	14	0.0	0	NA
117	15	0.0	0	NA
118	1	553.0	0.0	0.0
118	2	402.0	0.206467661692	0.496525515586
118	3	174.0	0.35632183908	0.887746558706
118	4	86.0	0.418604651163	0.975620139007
118	5	29.0	0.586206896552	1.0
118	6	36.0	0.472222222222	0.930247506635
118	7	13.0	0.923076923077	1.0
118	8	10.0	0.9	1.0
118	9	9.0	0.555555555556	1.0
118	10	3.0	1.0	1.0
118	11	2.0	1.0	1.0
118	12	4.0	0.75	1.0
118	13	0.0	0	NA
118	14	0.0	0	NA
118	15	0.0	0	NA
119	1	435.0	0.0	0.0
119	2	228.0	0.166666666667	0.380438792449
119	3	50.0	0.36	0.879021316511
119	4	21.0	0.238095238095	0.466259773677
119	5	10.0	0.7	1.0
119	6	13.0	0.769230769231	1.0
119	7	8.0	0.0	0.0
119	8	2.0	0.5	1.0
119	9	0.0	0	NA
119	10	0.0	0	NA
119	11	0.0	0	NA
119	12	0.0	0	NA
119	13	0.0	0	NA
119	14	0.0	0	NA
119	15	0.0	0	NA
120	1	272.0	0.0	0.0
120	2	113.0	0.141592920354	0.325939997945
120	3	28.0	0.428571428571	0.895827887572
120	4	4.0	0.25	0.601168243498
120	5	0.0	0	NA
120	6	0.0	0	NA
120	7	0.0	0	NA
120	8	0.0	0	NA
120	9	0.0	0	NA
120	10	0.0	0	NA
120	11	0.0	0	NA
120	12	0.0	0	NA
120	13	0.0	0	NA
120	14	0.0	0	NA
120	15	0.0	0	NA
121	1	545.0	0.0	0.0
121	2	235.0	0.178723404255	0.435142055906
121	3	125.0	0.392	0.869357345593
121	4	29.0	0.379310344828	1.0
121	5	14.0	0.214285714286	0.64456136127
121	6	3.0	0.333333333333	0.793853712539
121	7	6.0	0.333333333333	0.623024565289
121	8	0.0	0	NA
121	9	0.0	0	NA
121	10	0.0	0	NA
121	11	0.0	0	NA
121	12	0.0	0	NA
121	13	1.0	1.0	1.0
121	14	0.0	0	NA
121	15	0.0	0	NA
122	1	537.0	0.0	0.0
122	2	318.0	0.238993710692	0.54066496632
122	3	198.0	0.30303030303	0.751939403945
122	4	88.0	0.375	0.944198567588
122	5	59.0	0.593220338983	1.0
122	6	21.0	0.52380952381	1.0
122	7	12.0	0.583333333333	1.0
122	8	4.0	0.25	0.532128799519
122	9	2.0	0.5	1.0
122	10	11.0	0.636363636364	1.0
122	11	0.0	0	NA
122	12	1.0	0.0	0.0
122	13	0.0	0	NA
122	14	0.0	0	NA
122	15	0.0	0	NA
123	1	498.0	0.0	0.0
123	2	249.0	0.140562248996	0.333356871937
123	3	80.0	0.3125	0.775095804676
123	4	38.0	0.342105263158	0.665435819209
123	5	9.0	0.888888888889	1.0
123	6	6.0	0.5	0.965477832876
123	7	0.0	0	NA
123	8	0.0	0	NA
123	9	0.0	0	NA
123	10	0.0	0	NA
123	11	0.0	0	NA
123	12	0.0	0	NA
123	13	0.0	0	NA
123	14	0.0	0	NA
123	15	0.0	0	NA
124	1	432.0	0.0	0.0
124	2	188.0	0.13829787234	0.352797905045
124	3	43.0	0.46511627907	1.0
124	4	31.0	0.516129032258	1.0
124	5	8.0	0.5	1.0
124	6	1.0	1.0	1.0
124	7	1.0	1.0	1.0
124	8	0.0	0	NA
124	9	0.0	0	NA
124	10	0.0	0	NA
124	11	0.0	0	NA
124	12	0.0	0	NA
124	13	0.0	0	NA
124	14	0.0	0	NA
124	15	0.0	0	NA
125	1	421.0	0.0	0.0
125	2	129.0	0.108527131783	0.25257357823
125	3	35.0	0.171428571429	0.410665196953
125	4	38.0	0.552631578947	1.0
125	5	12.0	0.166666666667	0.327982131045
125	6	6.0	0.833333333333	1.0
125	7	1.0	1.0	1.0
125	8	0.0	0	NA
125	9	0.0	0	NA
125	10	0.0	0	NA
125	11	0.0	0	NA
125	12	0.0	0	NA
125	13	0.0	0	NA
125	14	0.0	0	NA
125	15	0.0	0	NA
126	1	461.0	0.0	0.0
126	2	163.0	0.0858895705521	0.206729237773
126	3	60.0	0.366666666667	0.821456138719
126	4	11.0	0.545454545455	1.0
126	5	2.0	0.0	0.0
126	6	1.0	1.0	1.0
126	7	0.0	0	NA
126	8	0.0	0	NA
126	9	0.0	0	NA
126	10	0.0	0	NA
126	11	0.0	0	NA
126	12	0.0	0	NA
126	13	0.0	0	NA
126	14	0.0	0	NA
126	15	0.0	0	NA
127	1	451.0	0.0	0.0
127	2	135.0	0.237037037037	0.57037350735
127	3	66.0	0.393939393939	0.952821614286
127	4	16.0	0.125	0.284929641313
127	5	2.0	1.0	1.0
127	6	0.0	0	NA
127	7	0.0	0	NA
127	8	0.0	0	NA
127	9	0.0	0	NA
127	10	0.0	0	NA
127	11	0.0	0	NA
127	12	0.0	0	NA
127	13	0.0	0	NA
127	14	0.0	0	NA
127	15	0.0	0	NA
128	1	373.0	0.0	0.0
128	2	127.0	0.181102362205	0.450775222971
128	3	37.0	0.216216216216	0.536725700479
128	4	22.0	0.272727272727	0.54348927059
128	5	4.0	0.0	0.0
128	6	0.0	0	NA
128	7	0.0	0	NA
128	8	0.0	0	NA
128	9	0.0	0	NA
128	10	0.0	0	NA
128	11	0.0	0	NA
128	12	0.0	0	NA
128	13	0.0	0	NA
128	14	0.0	0	NA
128	15	0.0	0	NA
129	1	552.0	0.0	0.0
129	2	268.0	0.182835820896	0.392546838068
129	3	61.0	0.459016393443	0.985277531514
129	4	36.0	0.388888888889	0.893383099534
129	5	12.0	0.416666666667	0.93040636674
129	6	19.0	0.421052631579	1.0
129	7	2.0	1.0	1.0
129	8	1.0	1.0	1.0
129	9	1.0	0.0	0.0
129	10	0.0	0	NA
129	11	0.0	0	NA
129	12	0.0	0	NA
129	13	0.0	0	NA
129	14	0.0	0	NA
129	15	0.0	0	NA
130	1	275.0	0.0	0.0
130	2	97.0	0.0618556701031	0.134047076807
130	3	3.0	0.0	0.0
130	4	13.0	0.538461538462	1.0
130	5	0.0	0	NA
130	6	0.0	0	NA
130	7	0.0	0	NA
130	8	0.0	0	NA
130	9	0.0	0	NA
130	10	0.0	0	NA
130	11	0.0	0	NA
130	12	0.0	0	NA
130	13	0.0	0	NA
130	14	0.0	0	NA
130	15	0.0	0	NA
131	1	544.0	0.0	0.0
131	2	196.0	0.137755102041	0.303129556755
131	3	60.0	0.316666666667	0.62455247257
131	4	29.0	0.344827586207	0.834838721192
131	5	13.0	0.153846153846	0.339583901142
131	6	1.0	0.0	0.0
131	7	0.0	0	NA
131	8	0.0	0	NA
131	9	0.0	0	NA
131	10	0.0	0	NA
131	11	0.0	0	NA
131	12	0.0	0	NA
131	13	0.0	0	NA
131	14	0.0	0	NA
131	15	0.0	0	NA
132	1	246.0	0.0	0.0
132	2	77.0	0.025974025974	0.0629958231093
132	3	22.0	0.0909090909091	0.224246320402
132	4	1.0	0.0	0.0
132	5	5.0	0.6	1.0
132	6	0.0	0	NA
132	7	0.0	0	NA
132	8	0.0	0	NA
132	9	0.0	0	NA
132	10	0.0	0	NA
132	11	0.0	0	NA
132	12	0.0	0	NA
132	13	0.0	0	NA
132	14	0.0	0	NA
132	15	0.0	0	NA
133	1	421.0	0.0	0.0
133	2	136.0	0.25	0.605551626307
133	3	32.0	0.25	0.523748327292
133	4	14.0	0.428571428571	1.0
133	5	2.0	1.0	1.0
133	6	0.0	0	NA
133	7	0.0	0	NA
133	8	0.0	0	NA
133	9	0.0	0	NA
133	10	0.0	0	NA
133	11	0.0	0	NA
133	12	0.0	0	NA
133	13	0.0	0	NA
133	14	0.0	0	NA
133	15	1.0	0.0	0.0
134	1	543.0	0.0	0.0
134	2	270.0	0.155555555556	0.392487685723
134	3	171.0	0.25730994152	0.566472226527
134	4	56.0	0.375	1.0
134	5	22.0	0.590909090909	1.0
134	6	21.0	0.619047619048	1.0
134	7	2.0	0.0	0.0
134	8	2.0	0.5	1.0
134	9	3.0	1.0	1.0
134	10	0.0	0	NA
134	11	0.0	0	NA
134	12	0.0	0	NA
134	13	0.0	0	NA
134	14	0.0	0	NA
134	15	0.0	0	NA
135	1	423.0	0.0	0.0
135	2	157.0	0.171974522293	0.374898100911
135	3	37.0	0.432432432432	0.999765143861
135	4	16.0	0.25	0.623149017979
135	5	0.0	0	NA
135	6	0.0	0	NA
135	7	0.0	0	NA
135	8	0.0	0	NA
135	9	0.0	0	NA
135	10	0.0	0	NA
135	11	0.0	0	NA
135	12	0.0	0	NA
135	13	0.0	0	NA
135	14	0.0	0	NA
135	15	0.0	0	NA
136	1	496.0	0.0	0.0
136	2	404.0	0.207920792079	0.47740055752
136	3	229.0	0.336244541485	0.785805147678
136	4	147.0	0.34693877551	0.837517666282
136	5	42.0	0.333333333333	0.695436323629
136	6	38.0	0.526315789474	1.0
136	7	32.0	0.75	1.0
136	8	17.0	0.882352941176	1.0
136	9	4.0	0.5	1.0
136	10	2.0	1.0	1.0
136	11	11.0	0.545454545455	1.0
136	12	5.0	0.6	1.0
136	13	1.0	1.0	1.0
136	14	0.0	0	NA
136	15	0.0	0	NA
137	1	392.0	0.0	0.0
137	2	121.0	0.206611570248	0.489218392993
137	3	52.0	0.269230769231	0.662428655926
137	4	13.0	0.461538461538	0.928224300149
137	5	5.0	0.2	0.631681911835
137	6	0.0	0	NA
137	7	0.0	0	NA
137	8	0.0	0	NA
137	9	0.0	0	NA
137	10	0.0	0	NA
137	11	0.0	0	NA
137	12	0.0	0	NA
137	13	0.0	0	NA
137	14	0.0	0	NA
137	15	0.0	0	NA
138	1	523.0	0.0	0.0
138	2	186.0	0.161290322581	0.383408220654
138	3	87.0	0.425287356322	0.953335014966
138	4	45.0	0.4	1.0
138	5	6.0	0.833333333333	1.0
138	6	3.0	1.0	1.0
138	7	1.0	1.0	1.0
138	8	0.0	0	NA
138	9	0.0	0	NA
138	10	0.0	0	NA
138	11	0.0	0	NA
138	12	0.0	0	NA
138	13	0.0	0	NA
138	14	0.0	0	NA
138	15	0.0	0	NA
139	1	531.0	0.0	0.0
139	2	248.0	0.181451612903	0.423501331549
139	3	108.0	0.333333333333	0.772414720301
139	4	43.0	0.53488372093	1.0
139	5	18.0	0.833333333333	1.0
139	6	6.0	0.833333333333	1.0
139	7	1.0	0.0	0.0
139	8	0.0	0	NA
139	9	0.0	0	NA
139	10	0.0	0	NA
139	11	0.0	0	NA
139	12	1.0	1.0	1.0
139	13	0.0	0	NA
139	14	0.0	0	NA
139	15	0.0	0	NA
140	1	414.0	0.0	0.0
140	2	186.0	0.215053763441	0.502702990421
140	3	44.0	0.363636363636	0.748579552409
140	4	17.0	0.470588235294	1.0
140	5	2.0	0.5	1.0
140	6	0.0	0	NA
140	7	1.0	1.0	1.0
140	8	0.0	0	NA
140	9	0.0	0	NA
140	10	0.0	0	NA
140	11	0.0	0	NA
140	12	0.0	0	NA
140	13	0.0	0	NA
140	14	0.0	0	NA
140	15	0.0	0	NA
141	1	425.0	0.0	0.0
141	2	431.0	0.162412993039	0.366170800295
141	3	239.0	0.292887029289	0.741821837205
141	4	185.0	0.389189189189	0.852316298928
141	5	82.0	0.439024390244	0.99715378988
141	6	77.0	0.558441558442	1.0
141	7	46.0	0.695652173913	1.0
141	8	36.0	0.611111111111	1.0
141	9	18.0	0.555555555556	1.0
141	10	21.0	0.571428571429	1.0
141	11	4.0	0.75	1.0
141	12	4.0	0.75	1.0
141	13	3.0	0.666666666667	1.0
141	14	1.0	1.0	1.0
141	15	0.0	0	NA
142	1	503.0	0.0	0.0
142	2	155.0	0.206451612903	0.488125084288
142	3	78.0	0.474358974359	1.0
142	4	16.0	0.0625	0.12762361341
142	5	6.0	0.833333333333	1.0
142	6	2.0	0.0	0.0
142	7	0.0	0	NA
142	8	0.0	0	NA
142	9	0.0	0	NA
142	10	0.0	0	NA
142	11	0.0	0	NA
142	12	0.0	0	NA
142	13	0.0	0	NA
142	14	0.0	0	NA
142	15	0.0	0	NA
143	1	454.0	0.0	0.0
143	2	185.0	0.135135135135	0.332307635104
143	3	64.0	0.46875	1.0
143	4	5.0	0.6	1.0
143	5	6.0	0.0	0.0
143	6	4.0	0.75	1.0
143	7	3.0	0.333333333333	0.96325154226
143	8	0.0	0	NA
143	9	0.0	0	NA
143	10	0.0	0	NA
143	11	0.0	0	NA
143	12	0.0	0	NA
143	13	0.0	0	NA
143	14	0.0	0	NA
143	15	0.0	0	NA
144	1	511.0	0.0	0.0
144	2	359.0	0.172701949861	0.407146832255
144	3	198.0	0.348484848485	0.788007041675
144	4	86.0	0.406976744186	0.947388537121
144	5	53.0	0.584905660377	1.0
144	6	26.0	0.730769230769	1.0
144	7	9.0	0.555555555556	1.0
144	8	18.0	0.5	1.0
144	9	0.0	0	NA
144	10	0.0	0	NA
144	11	0.0	0	NA
144	12	0.0	0	NA
144	13	0.0	0	NA
144	14	1.0	0.0	0.0
144	15	0.0	0	NA
145	1	479.0	0.0	0.0
145	2	220.0	0.218181818182	0.460390303013
145	3	73.0	0.27397260274	0.688408835253
145	4	31.0	0.258064516129	0.545057303906
145	5	19.0	0.368421052632	0.807584390518
145	6	3.0	0.333333333333	1.0
145	7	0.0	0	NA
145	8	7.0	1.0	1.0
145	9	0.0	0	NA
145	10	0.0	0	NA
145	11	0.0	0	NA
145	12	0.0	0	NA
145	13	0.0	0	NA
145	14	0.0	0	NA
145	15	0.0	0	NA
146	1	549.0	0.0	0.0
146	2	314.0	0.289808917197	0.666591047791
146	3	216.0	0.287037037037	0.684008386039
146	4	86.0	0.383720930233	1.0
146	5	48.0	0.5	1.0
146	6	19.0	0.736842105263	1.0
146	7	17.0	0.352941176471	0.663063874773
146	8	4.0	0.0	0.0
146	9	4.0	0.5	1.0
146	10	0.0	0	NA
146	11	0.0	0	NA
146	12	0.0	0	NA
146	13	0.0	0	NA
146	14	0.0	0	NA
146	15	0.0	0	NA
147	1	309.0	0.0	0.0
147	2	87.0	0.195402298851	0.439482225107
147	3	13.0	0.0769230769231	0.159373916988
147	4	9.0	0.0	0.0
147	5	0.0	0	NA
147	6	0.0	0	NA
147	7	0.0	0	NA
147	8	0.0	0	NA
147	9	0.0	0	NA
147	10	0.0	0	NA
147	11	0.0	0	NA
147	12	0.0	0	NA
147	13	0.0	0	NA
147	14	0.0	0	NA
147	15	0.0	0	NA
148	1	343.0	0.0	0.0
148	2	132.0	0.136363636364	0.33395956851
148	3	29.0	0.379310344828	0.879963695802
148	4	7.0	0.142857142857	0.430437877047
148	5	0.0	0	NA
148	6	2.0	0.0	0.0
148	7	0.0	0	NA
148	8	0.0	0	NA
148	9	0.0	0	NA
148	10	0.0	0	NA
148	11	0.0	0	NA
148	12	0.0	0	NA
148	13	0.0	0	NA
148	14	0.0	0	NA
148	15	0.0	0	NA
149	1	510.0	0.0	0.0
149	2	299.0	0.0869565217391	0.201927911335
149	3	136.0	0.301470588235	0.700568128826
149	4	59.0	0.220338983051	0.532623310465
149	5	22.0	0.681818181818	1.0
149	6	17.0	0.941176470588	1.0
149	7	0.0	0	NA
149	8	0.0	0	NA
149	9	3.0	0.0	0.0
149	10	2.0	1.0	1.0
149	11	0.0	0	NA
149	12	0.0	0	NA
149	13	0.0	0	NA
149	14	0.0	0	NA
149	15	0.0	0	NA
150	1	510.0	0.0	0.0
150	2	186.0	0.139784946237	0.359455991782
150	3	36.0	0.277777777778	0.622771175806
150	4	16.0	0.5	1.0
150	5	13.0	0.0769230769231	0.235034450931
150	6	0.0	0	NA
150	7	0.0	0	NA
150	8	1.0	1.0	1.0
150	9	0.0	0	NA
150	10	0.0	0	NA
150	11	0.0	0	NA
150	12	0.0	0	NA
150	13	0.0	0	NA
150	14	0.0	0	NA
150	15	0.0	0	NA
151	1	486.0	0.0	0.0
151	2	351.0	0.236467236467	0.554591946237
151	3	283.0	0.289752650177	0.700703323656
151	4	124.0	0.379032258065	0.859145102275
151	5	78.0	0.371794871795	1.0
151	6	36.0	0.638888888889	1.0
151	7	19.0	0.526315789474	1.0
151	8	19.0	0.578947368421	1.0
151	9	9.0	0.555555555556	1.0
151	10	0.0	0	NA
151	11	9.0	0.555555555556	1.0
151	12	0.0	0	NA
151	13	1.0	1.0	1.0
151	14	0.0	0	NA
151	15	0.0	0	NA
152	1	477.0	0.0	0.0
152	2	193.0	0.233160621762	0.551119109916
152	3	77.0	0.246753246753	0.603705700758
152	4	21.0	0.333333333333	0.709525785654
152	5	12.0	0.416666666667	1.0
152	6	1.0	0.0	0.0
152	7	0.0	0	NA
152	8	3.0	1.0	1.0
152	9	0.0	0	NA
152	10	0.0	0	NA
152	11	0.0	0	NA
152	12	0.0	0	NA
152	13	0.0	0	NA
152	14	0.0	0	NA
152	15	0.0	0	NA
153	1	287.0	0.0	0.0
153	2	386.0	0.19170984456	0.448430503045
153	3	298.0	0.298657718121	0.687437611331
153	4	228.0	0.34649122807	0.808686341362
153	5	147.0	0.374149659864	0.959651405106
153	6	111.0	0.387387387387	0.948358406012
153	7	59.0	0.576271186441	1.0
153	8	45.0	0.511111111111	1.0
153	9	30.0	0.366666666667	0.939691563651
153	10	20.0	0.6	1.0
153	11	10.0	0.7	1.0
153	12	10.0	0.8	1.0
153	13	3.0	1.0	1.0
153	14	15.0	0.866666666667	1.0
153	15	8.0	0.875	1.0
154	1	563.0	0.0	0.0
154	2	255.0	0.149019607843	0.356490529593
154	3	124.0	0.362903225806	0.789014801605
154	4	54.0	0.425925925926	0.937633097746
154	5	22.0	0.5	1.0
154	6	14.0	0.642857142857	1.0
154	7	8.0	0.875	1.0
154	8	3.0	0.0	0.0
154	9	0.0	0	NA
154	10	0.0	0	NA
154	11	0.0	0	NA
154	12	0.0	0	NA
154	13	0.0	0	NA
154	14	0.0	0	NA
154	15	0.0	0	NA
155	1	387.0	0.0	0.0
155	2	391.0	0.153452685422	0.341843124472
155	3	282.0	0.326241134752	0.776177351684
155	4	164.0	0.317073170732	0.769856153158
155	5	89.0	0.584269662921	1.0
155	6	57.0	0.649122807018	1.0
155	7	23.0	0.434782608696	1.0
155	8	52.0	0.711538461538	1.0
155	9	15.0	0.6	1.0
155	10	16.0	0.75	1.0
155	11	6.0	0.833333333333	1.0
155	12	1.0	1.0	1.0
155	13	1.0	1.0	1.0
155	14	1.0	1.0	1.0
155	15	0.0	0	NA
156	1	509.0	0.0	0.0
156	2	267.0	0.194756554307	0.458095775861
156	3	139.0	0.352517985612	0.848638028796
156	4	48.0	0.25	0.746047336508
156	5	9.0	0.555555555556	1.0
156	6	4.0	0.75	1.0
156	7	13.0	0.615384615385	1.0
156	8	8.0	0.125	0.334990906677
156	9	0.0	0	NA
156	10	0.0	0	NA
156	11	0.0	0	NA
156	12	0.0	0	NA
156	13	0.0	0	NA
156	14	0.0	0	NA
156	15	0.0	0	NA
157	1	464.0	0.0	0.0
157	2	220.0	0.154545454545	0.384784396128
157	3	97.0	0.443298969072	0.887457493292
157	4	28.0	0.428571428571	1.0
157	5	17.0	0.705882352941	1.0
157	6	1.0	0.0	0.0
157	7	4.0	0.0	0.0
157	8	3.0	0.666666666667	1.0
157	9	0.0	0	NA
157	10	1.0	0.0	0.0
157	11	0.0	0	NA
157	12	0.0	0	NA
157	13	0.0	0	NA
157	14	0.0	0	NA
157	15	0.0	0	NA
158	1	457.0	0.0	0.0
158	2	363.0	0.184573002755	0.451551277983
158	3	238.0	0.382352941176	0.965695056442
158	4	158.0	0.335443037975	0.798613160049
158	5	52.0	0.519230769231	1.0
158	6	45.0	0.333333333333	1.0
158	7	38.0	0.605263157895	1.0
158	8	18.0	0.444444444444	1.0
158	9	6.0	0.833333333333	1.0
158	10	3.0	1.0	1.0
158	11	1.0	1.0	1.0
158	12	0.0	0	NA
158	13	0.0	0	NA
158	14	0.0	0	NA
158	15	0.0	0	NA
159	1	450.0	0.0	0.0
159	2	181.0	0.110497237569	0.263920748926
159	3	77.0	0.311688311688	0.690033335859
159	4	31.0	0.387096774194	1.0
159	5	5.0	0.8	1.0
159	6	5.0	0.4	1.0
159	7	1.0	1.0	1.0
159	8	0.0	0	NA
159	9	0.0	0	NA
159	10	0.0	0	NA
159	11	0.0	0	NA
159	12	0.0	0	NA
159	13	0.0	0	NA
159	14	0.0	0	NA
159	15	0.0	0	NA
160	1	216.0	0.0	0.0
160	2	42.0	0.0	0.0
160	3	10.0	0.1	0.349402293995
160	4	3.0	0.666666666667	1.0
160	5	1.0	0.0	0.0
160	6	0.0	0	NA
160	7	0.0	0	NA
160	8	0.0	0	NA
160	9	0.0	0	NA
160	10	0.0	0	NA
160	11	0.0	0	NA
160	12	0.0	0	NA
160	13	0.0	0	NA
160	14	0.0	0	NA
160	15	0.0	0	NA
161	1	424.0	0.0	0.0
161	2	400.0	0.1675	0.406389963715
161	3	268.0	0.223880597015	0.531069952202
161	4	126.0	0.277777777778	0.645217222897
161	5	94.0	0.446808510638	1.0
161	6	63.0	0.507936507937	1.0
161	7	20.0	0.6	1.0
161	8	14.0	0.571428571429	1.0
161	9	14.0	0.357142857143	1.0
161	10	1.0	1.0	1.0
161	11	1.0	1.0	1.0
161	12	0.0	0	NA
161	13	1.0	0.0	0.0
161	14	0.0	0	NA
161	15	0.0	0	NA
162	1	527.0	0.0	0.0
162	2	308.0	0.207792207792	0.492258535443
162	3	209.0	0.306220095694	0.730170153733
162	4	70.0	0.642857142857	1.0
162	5	30.0	0.466666666667	1.0
162	6	7.0	0.571428571429	1.0
162	7	3.0	0.0	0.0
162	8	2.0	0.0	0.0
162	9	1.0	0.0	0.0
162	10	3.0	0.333333333333	1.0
162	11	0.0	0	NA
162	12	0.0	0	NA
162	13	0.0	0	NA
162	14	0.0	0	NA
162	15	0.0	0	NA
163	1	513.0	0.0	0.0
163	2	317.0	0.186119873817	0.443970513284
163	3	139.0	0.294964028777	0.686336973111
163	4	66.0	0.424242424242	0.940316630166
163	5	52.0	0.576923076923	1.0
163	6	54.0	0.407407407407	1.0
163	7	8.0	0.875	1.0
163	8	5.0	0.0	0.0
163	9	3.0	0.0	0.0
163	10	0.0	0	NA
163	11	1.0	0.0	0.0
163	12	0.0	0	NA
163	13	0.0	0	NA
163	14	1.0	1.0	1.0
163	15	0.0	0	NA
164	1	445.0	0.0	0.0
164	2	287.0	0.101045296167	0.23789725695
164	3	57.0	0.228070175439	0.554334120242
164	4	28.0	0.678571428571	1.0
164	5	2.0	0.0	0.0
164	6	9.0	0.444444444444	1.0
164	7	1.0	1.0	1.0
164	8	1.0	0.0	0.0
164	9	0.0	0	NA
164	10	0.0	0	NA
164	11	0.0	0	NA
164	12	0.0	0	NA
164	13	0.0	0	NA
164	14	0.0	0	NA
164	15	0.0	0	NA
165	1	270.0	0.0	0.0
165	2	145.0	0.310344827586	0.756556726879
165	3	27.0	0.37037037037	0.815364315403
165	4	22.0	0.590909090909	1.0
165	5	9.0	0.0	0.0
165	6	0.0	0	NA
165	7	0.0	0	NA
165	8	0.0	0	NA
165	9	0.0	0	NA
165	10	0.0	0	NA
165	11	0.0	0	NA
165	12	0.0	0	NA
165	13	0.0	0	NA
165	14	0.0	0	NA
165	15	0.0	0	NA
166	1	424.0	0.0	0.0
166	2	463.0	0.157667386609	0.370695268243
166	3	255.0	0.298039215686	0.671536705885
166	4	145.0	0.248275862069	0.556521833753
166	5	87.0	0.367816091954	0.876816281602
166	6	73.0	0.58904109589	1.0
166	7	32.0	0.40625	0.84423167635
166	8	21.0	0.571428571429	1.0
166	9	21.0	0.571428571429	1.0
166	10	9.0	0.666666666667	1.0
166	11	13.0	0.923076923077	1.0
166	12	1.0	0.0	0.0
166	13	8.0	1.0	1.0
166	14	2.0	0.0	0.0
166	15	2.0	1.0	1.0
167	1	294.0	0.0	0.0
167	2	57.0	0.350877192982	0.785134665774
167	3	22.0	0.227272727273	0.549640408261
167	4	0.0	0	NA
167	5	3.0	0.333333333333	1.0
167	6	0.0	0	NA
167	7	0.0	0	NA
167	8	0.0	0	NA
167	9	0.0	0	NA
167	10	0.0	0	NA
167	11	0.0	0	NA
167	12	0.0	0	NA
167	13	0.0	0	NA
167	14	0.0	0	NA
167	15	0.0	0	NA
168	1	505.0	0.0	0.0
168	2	394.0	0.149746192893	0.370556204342
168	3	192.0	0.192708333333	0.457157707693
168	4	131.0	0.259541984733	0.657146240327
168	5	118.0	0.347457627119	0.906644291733
168	6	27.0	0.518518518519	1.0
168	7	18.0	0.444444444444	1.0
168	8	13.0	0.692307692308	1.0
168	9	5.0	0.6	1.0
168	10	4.0	0.75	1.0
168	11	7.0	1.0	1.0
168	12	1.0	0.0	0.0
168	13	0.0	0	NA
168	14	0.0	0	NA
168	15	1.0	0.0	0.0
169	1	596.0	0.0	0.0
169	2	227.0	0.105726872247	0.265752668152
169	3	107.0	0.242990654206	0.659908638238
169	4	44.0	0.409090909091	0.832410151377
169	5	26.0	0.653846153846	1.0
169	6	10.0	0.7	1.0
169	7	4.0	0.0	0.0
169	8	2.0	0.5	1.0
169	9	0.0	0	NA
169	10	0.0	0	NA
169	11	0.0	0	NA
169	12	0.0	0	NA
169	13	0.0	0	NA
169	14	0.0	0	NA
169	15	0.0	0	NA
170	1	312.0	0.0	0.0
170	2	148.0	0.101351351351	0.23703785533
170	3	36.0	0.305555555556	0.735021537538
170	4	15.0	0.6	1.0
170	5	8.0	0.0	0.0
170	6	4.0	0.5	1.0
170	7	0.0	0	NA
170	8	0.0	0	NA
170	9	0.0	0	NA
170	10	0.0	0	NA
170	11	0.0	0	NA
170	12	0.0	0	NA
170	13	0.0	0	NA
170	14	0.0	0	NA
170	15	0.0	0	NA
171	1	296.0	0.0	0.0
171	2	369.0	0.173441734417	0.425714063675
171	3	250.0	0.252	0.625297122838
171	4	290.0	0.38275862069	0.843551955142
171	5	170.0	0.5	1.0
171	6	130.0	0.392307692308	0.914419939034
171	7	50.0	0.46	1.0
171	8	56.0	0.553571428571	1.0
171	9	17.0	0.411764705882	0.944650308641
171	10	11.0	0.363636363636	0.772793438178
171	11	16.0	0.6875	1.0
171	12	12.0	0.916666666667	1.0
171	13	20.0	0.7	1.0
171	14	17.0	0.647058823529	1.0
171	15	2.0	1.0	1.0
172	1	356.0	0.0	0.0
172	2	76.0	0.0921052631579	0.214091680311
172	3	21.0	0.285714285714	0.615473745925
172	4	2.0	0.0	0.0
172	5	0.0	0	NA
172	6	0.0	0	NA
172	7	0.0	0	NA
172	8	0.0	0	NA
172	9	0.0	0	NA
172	10	0.0	0	NA
172	11	0.0	0	NA
172	12	0.0	0	NA
172	13	0.0	0	NA
172	14	0.0	0	NA
172	15	0.0	0	NA
173	1	327.0	0.0	0.0
173	2	98.0	0.122448979592	0.319654009259
173	3	33.0	0.424242424242	0.972870433113
173	4	10.0	0.9	1.0
173	5	0.0	0	NA
173	6	0.0	0	NA
173	7	0.0	0	NA
173	8	0.0	0	NA
173	9	0.0	0	NA
173	10	0.0	0	NA
173	11	0.0	0	NA
173	12	0.0	0	NA
173	13	0.0	0	NA
173	14	0.0	0	NA
173	15	0.0	0	NA
174	1	377.0	0.0	0.0
174	2	186.0	0.0698924731183	0.167118012624
174	3	36.0	0.472222222222	1.0
174	4	7.0	0.571428571429	1.0
174	5	3.0	0.333333333333	0.737926984957
174	6	3.0	0.0	0.0
174	7	1.0	1.0	1.0
174	8	0.0	0	NA
174	9	0.0	0	NA
174	10	0.0	0	NA
174	11	0.0	0	NA
174	12	0.0	0	NA
174	13	0.0	0	NA
174	14	0.0	0	NA
174	15	0.0	0	NA
175	1	305.0	0.0	0.0
175	2	83.0	0.21686746988	0.57094873781
175	3	30.0	0.166666666667	0.427296772182
175	4	8.0	0.125	0.317402902458
175	5	10.0	0.4	1.0
175	6	1.0	0.0	0.0
175	7	0.0	0	NA
175	8	0.0	0	NA
175	9	0.0	0	NA
175	10	0.0	0	NA
175	11	0.0	0	NA
175	12	0.0	0	NA
175	13	0.0	0	NA
175	14	0.0	0	NA
175	15	0.0	0	NA
176	1	487.0	0.0	0.0
176	2	221.0	0.117647058824	0.286344147506
176	3	70.0	0.257142857143	0.600347832989
176	4	21.0	0.428571428571	1.0
176	5	13.0	0.153846153846	0.39575987883
176	6	6.0	1.0	1.0
176	7	0.0	0	NA
176	8	0.0	0	NA
176	9	0.0	0	NA
176	10	0.0	0	NA
176	11	0.0	0	NA
176	12	0.0	0	NA
176	13	0.0	0	NA
176	14	0.0	0	NA
176	15	0.0	0	NA
177	1	242.0	0.0	0.0
177	2	41.0	0.0975609756098	0.264588524339
177	3	1.0	0.0	0.0
177	4	0.0	0	NA
177	5	0.0	0	NA
177	6	0.0	0	NA
177	7	0.0	0	NA
177	8	0.0	0	NA
177	9	0.0	0	NA
177	10	0.0	0	NA
177	11	0.0	0	NA
177	12	0.0	0	NA
177	13	0.0	0	NA
177	14	0.0	0	NA
177	15	0.0	0	NA
178	1	292.0	0.0	0.0
178	2	71.0	0.225352112676	0.50261875078
178	3	10.0	0.3	0.533412559282
178	4	4.0	0.0	0.0
178	5	3.0	1.0	1.0
178	6	0.0	0	NA
178	7	0.0	0	NA
178	8	0.0	0	NA
178	9	0.0	0	NA
178	10	0.0	0	NA
178	11	0.0	0	NA
178	12	0.0	0	NA
178	13	0.0	0	NA
178	14	0.0	0	NA
178	15	0.0	0	NA
179	1	416.0	0.0	0.0
179	2	113.0	0.0973451327434	0.252781009883
179	3	35.0	0.114285714286	0.285065492577
179	4	0.0	0	NA
179	5	2.0	0.0	0.0
179	6	2.0	1.0	1.0
179	7	0.0	0	NA
179	8	0.0	0	NA
179	9	0.0	0	NA
179	10	0.0	0	NA
179	11	0.0	0	NA
179	12	0.0	0	NA
179	13	0.0	0	NA
179	14	0.0	0	NA
179	15	0.0	0	NA
180	1	286.0	0.0	0.0
180	2	56.0	0.214285714286	0.482389335558
180	3	17.0	0.352941176471	0.631519155648
180	4	16.0	0.5	1.0
180	5	0.0	0	NA
180	6	1.0	0.0	0.0
180	7	2.0	0.0	0.0
180	8	0.0	0	NA
180	9	0.0	0	NA
180	10	0.0	0	NA
180	11	0.0	0	NA
180	12	0.0	0	NA
180	13	0.0	0	NA
180	14	0.0	0	NA
180	15	0.0	0	NA
181	1	415.0	0.0	0.0
181	2	151.0	0.198675496689	0.511898732982
181	3	22.0	0.227272727273	0.457524783637
181	4	12.0	0.666666666667	1.0
181	5	1.0	1.0	1.0
181	6	0.0	0	NA
181	7	0.0	0	NA
181	8	0.0	0	NA
181	9	0.0	0	NA
181	10	0.0	0	NA
181	11	0.0	0	NA
181	12	0.0	0	NA
181	13	0.0	0	NA
181	14	0.0	0	NA
181	15	0.0	0	NA
182	1	469.0	0.0	0.0
182	2	212.0	0.25	0.555317265373
182	3	96.0	0.375	0.756686355825
182	4	23.0	0.304347826087	1.0
182	5	24.0	0.416666666667	1.0
182	6	15.0	0.466666666667	1.0
182	7	0.0	0	NA
182	8	1.0	0.0	0.0
182	9	0.0	0	NA
182	10	1.0	1.0	1.0
182	11	0.0	0	NA
182	12	0.0	0	NA
182	13	0.0	0	NA
182	14	0.0	0	NA
182	15	0.0	0	NA
183	1	168.0	0.0	0.0
183	2	39.0	0.0769230769231	0.178712198196
183	3	2.0	0.0	0.0
183	4	0.0	0	NA
183	5	0.0	0	NA
183	6	0.0	0	NA
183	7	0.0	0	NA
183	8	0.0	0	NA
183	9	0.0	0	NA
183	10	0.0	0	NA
183	11	0.0	0	NA
183	12	0.0	0	NA
183	13	0.0	0	NA
183	14	0.0	0	NA
183	15	0.0	0	NA
184	1	536.0	0.0	0.0
184	2	222.0	0.243243243243	0.575393165851
184	3	105.0	0.285714285714	0.676380846768
184	4	30.0	0.166666666667	0.362154594874
184	5	12.0	0.166666666667	0.821164118398
184	6	1.0	0.0	0.0
184	7	1.0	1.0	1.0
184	8	0.0	0	NA
184	9	0.0	0	NA
184	10	0.0	0	NA
184	11	0.0	0	NA
184	12	0.0	0	NA
184	13	0.0	0	NA
184	14	0.0	0	NA
184	15	0.0	0	NA
185	1	365.0	0.0	0.0
185	2	105.0	0.104761904762	0.277216575517
185	3	51.0	0.117647058824	0.241991238086
185	4	5.0	0.4	0.661456147335
185	5	0.0	0	NA
185	6	2.0	1.0	1.0
185	7	0.0	0	NA
185	8	0.0	0	NA
185	9	0.0	0	NA
185	10	0.0	0	NA
185	11	0.0	0	NA
185	12	0.0	0	NA
185	13	0.0	0	NA
185	14	0.0	0	NA
185	15	0.0	0	NA
186	1	240.0	0.0	0.0
186	2	52.0	0.153846153846	0.394090996549
186	3	25.0	0.2	0.425199011578
186	4	4.0	0.25	0.96578356031
186	5	1.0	0.0	0.0
186	6	0.0	0	NA
186	7	0.0	0	NA
186	8	0.0	0	NA
186	9	0.0	0	NA
186	10	0.0	0	NA
186	11	0.0	0	NA
186	12	0.0	0	NA
186	13	0.0	0	NA
186	14	0.0	0	NA
186	15	0.0	0	NA
187	1	401.0	0.0	0.0
187	2	109.0	0.220183486239	0.541747723627
187	3	45.0	0.533333333333	1.0
187	4	22.0	0.454545454545	1.0
187	5	13.0	0.307692307692	0.846116293408
187	6	1.0	0.0	0.0
187	7	0.0	0	NA
187	8	0.0	0	NA
187	9	0.0	0	NA
187	10	0.0	0	NA
187	11	0.0	0	NA
187	12	0.0	0	NA
187	13	0.0	0	NA
187	14	0.0	0	NA
187	15	0.0	0	NA
188	1	450.0	0.0	0.0
188	2	372.0	0.190860215054	0.468943374889
188	3	278.0	0.291366906475	0.711652328847
188	4	127.0	0.385826771654	0.906634845489
188	5	87.0	0.563218390805	1.0
188	6	71.0	0.323943661972	0.739802502792
188	7	31.0	0.58064516129	1.0
188	8	13.0	0.384615384615	0.859919255336
188	9	8.0	0.875	1.0
188	10	7.0	0.428571428571	1.0
188	11	3.0	0.0	0.0
188	12	7.0	1.0	1.0
188	13	1.0	1.0	1.0
188	14	0.0	0	NA
188	15	0.0	0	NA
189	1	304.0	0.0	0.0
189	2	49.0	0.0816326530612	0.219795428044
189	3	10.0	0.1	0.183205385502
189	4	1.0	0.0	0.0
189	5	0.0	0	NA
189	6	0.0	0	NA
189	7	0.0	0	NA
189	8	0.0	0	NA
189	9	0.0	0	NA
189	10	0.0	0	NA
189	11	0.0	0	NA
189	12	0.0	0	NA
189	13	0.0	0	NA
189	14	0.0	0	NA
189	15	0.0	0	NA
190	1	472.0	0.0	0.0
190	2	412.0	0.186893203883	0.423412729492
190	3	204.0	0.28431372549	0.659143732016
190	4	190.0	0.521052631579	1.0
190	5	56.0	0.553571428571	1.0
190	6	53.0	0.471698113208	1.0
190	7	16.0	0.75	1.0
190	8	3.0	0.666666666667	1.0
190	9	13.0	0.769230769231	1.0
190	10	0.0	0	NA
190	11	12.0	1.0	1.0
190	12	2.0	1.0	1.0
190	13	0.0	0	NA
190	14	0.0	0	NA
190	15	0.0	0	NA
191	1	499.0	0.0	0.0
191	2	239.0	0.125523012552	0.294339389242
191	3	147.0	0.30612244898	0.674711517979
191	4	65.0	0.492307692308	1.0
191	5	36.0	0.527777777778	1.0
191	6	4.0	0.25	0.557408086267
191	7	5.0	0.4	1.0
191	8	6.0	0.333333333333	1.0
191	9	0.0	0	NA
191	10	4.0	1.0	1.0
191	11	0.0	0	NA
191	12	0.0	0	NA
191	13	0.0	0	NA
191	14	0.0	0	NA
191	15	0.0	0	NA
192	1	255.0	0.0	0.0
192	2	71.0	0.0845070422535	0.200024658457
192	3	16.0	0.0	0.0
192	4	14.0	0.285714285714	0.918464291833
192	5	4.0	0.0	0.0
192	6	0.0	0	NA
192	7	0.0	0	NA
192	8	0.0	0	NA
192	9	0.0	0	NA
192	10	1.0	0.0	0.0
192	11	0.0	0	NA
192	12	0.0	0	NA
192	13	0.0	0	NA
192	14	0.0	0	NA
192	15	0.0	0	NA
193	1	533.0	0.0	0.0
193	2	270.0	0.166666666667	0.418657021746
193	3	124.0	0.282258064516	0.678740971496
193	4	55.0	0.290909090909	0.688979863889
193	5	27.0	0.62962962963	1.0
193	6	2.0	0.5	1.0
193	7	2.0	1.0	1.0
193	8	0.0	0	NA
193	9	2.0	1.0	1.0
193	10	0.0	0	NA
193	11	0.0	0	NA
193	12	0.0	0	NA
193	13	0.0	0	NA
193	14	0.0	0	NA
193	15	0.0	0	NA
194	1	200.0	0.0	0.0
194	2	30.0	0.233333333333	0.508885797149
194	3	13.0	0.230769230769	0.493560139051
194	4	0.0	0	NA
194	5	0.0	0	NA
194	6	0.0	0	NA
194	7	0.0	0	NA
194	8	0.0	0	NA
194	9	0.0	0	NA
194	10	0.0	0	NA
194	11	0.0	0	NA
194	12	0.0	0	NA
194	13	0.0	0	NA
194	14	0.0	0	NA
194	15	0.0	0	NA
195	1	334.0	0.0	0.0
195	2	104.0	0.163461538462	0.3671690096
195	3	17.0	0.176470588235	0.527080169749
195	4	8.0	0.0	0.0
195	5	5.0	0.0	0.0
195	6	0.0	0	NA
195	7	3.0	0.0	0.0
195	8	0.0	0	NA
195	9	0.0	0	NA
195	10	0.0	0	NA
195	11	0.0	0	NA
195	12	0.0	0	NA
195	13	0.0	0	NA
195	14	0.0	0	NA
195	15	0.0	0	NA
196	1	437.0	0.0	0.0
196	2	386.0	0.176165803109	0.400467650773
196	3	248.0	0.262096774194	0.599353166683
196	4	140.0	0.428571428571	0.936468018052
196	5	95.0	0.536842105263	1.0
196	6	65.0	0.538461538462	1.0
196	7	34.0	0.705882352941	1.0
196	8	13.0	0.230769230769	0.600033886992
196	9	5.0	0.4	1.0
196	10	6.0	0.833333333333	1.0
196	11	1.0	1.0	1.0
196	12	6.0	0.833333333333	1.0
196	13	0.0	0	NA
196	14	0.0	0	NA
196	15	0.0	0	NA
197	1	317.0	0.0	0.0
197	2	124.0	0.306451612903	0.787779271406
197	3	22.0	0.409090909091	1.0
197	4	1.0	0.0	0.0
197	5	0.0	0	NA
197	6	0.0	0	NA
197	7	0.0	0	NA
197	8	0.0	0	NA
197	9	0.0	0	NA
197	10	0.0	0	NA
197	11	0.0	0	NA
197	12	0.0	0	NA
197	13	0.0	0	NA
197	14	0.0	0	NA
197	15	0.0	0	NA
198	1	443.0	0.0	0.0
198	2	387.0	0.157622739018	0.363861466815
198	3	249.0	0.224899598394	0.553039642441
198	4	166.0	0.355421686747	0.872883928829
198	5	100.0	0.47	1.0
198	6	65.0	0.523076923077	1.0
198	7	27.0	0.259259259259	0.689295451131
198	8	21.0	0.761904761905	1.0
198	9	26.0	0.576923076923	1.0
198	10	1.0	1.0	1.0
198	11	1.0	1.0	1.0
198	12	1.0	1.0	1.0
198	13	0.0	0	NA
198	14	0.0	0	NA
198	15	0.0	0	NA
199	1	358.0	0.0	0.0
199	2	132.0	0.166666666667	0.431237389976
199	3	23.0	0.434782608696	0.833004149234
199	4	20.0	0.35	0.83919180649
199	5	3.0	1.0	1.0
199	6	7.0	0.0	0.0
199	7	0.0	0	NA
199	8	0.0	0	NA
199	9	0.0	0	NA
199	10	0.0	0	NA
199	11	0.0	0	NA
199	12	0.0	0	NA
199	13	0.0	0	NA
199	14	0.0	0	NA
199	15	0.0	0	NA
200	1	463.0	0.0	0.0
200	2	159.0	0.0691823899371	0.171914891106
200	3	79.0	0.417721518987	0.889077394048
200	4	28.0	0.428571428571	0.980764520437
200	5	5.0	0.4	0.947647978938
200	6	7.0	0.857142857143	1.0
200	7	0.0	0	NA
200	8	0.0	0	NA
200	9	0.0	0	NA
200	10	0.0	0	NA
200	11	0.0	0	NA
200	12	0.0	0	NA
200	13	0.0	0	NA
200	14	0.0	0	NA
200	15	0.0	0	NA
201	1	420.0	0.0	0.0
201	2	185.0	0.194594594595	0.46036368574
201	3	67.0	0.194029850746	0.435126709979
201	4	33.0	0.242424242424	0.890035651313
201	5	7.0	0.428571428571	1.0
201	6	1.0	0.0	0.0
201	7	0.0	0	NA
201	8	0.0	0	NA
201	9	0.0	0	NA
201	10	0.0	0	NA
201	11	0.0	0	NA
201	12	0.0	0	NA
201	13	0.0	0	NA
201	14	0.0	0	NA
201	15	0.0	0	NA
202	1	222.0	0.0	0.0
202	2	66.0	0.0909090909091	0.171763887411
202	3	9.0	0.0	0.0
202	4	5.0	0.2	0.444679145823
202	5	0.0	0	NA
202	6	0.0	0	NA
202	7	0.0	0	NA
202	8	0.0	0	NA
202	9	0.0	0	NA
202	10	0.0	0	NA
202	11	0.0	0	NA
202	12	0.0	0	NA
202	13	0.0	0	NA
202	14	0.0	0	NA
202	15	0.0	0	NA
203	1	498.0	0.0	0.0
203	2	360.0	0.263888888889	0.602899057592
203	3	236.0	0.360169491525	0.817890609614
203	4	104.0	0.240384615385	0.584256429187
203	5	61.0	0.393442622951	0.955638160838
203	6	52.0	0.384615384615	0.87411112088
203	7	29.0	0.620689655172	1.0
203	8	21.0	0.714285714286	1.0
203	9	8.0	0.75	1.0
203	10	1.0	0.0	0.0
203	11	2.0	0.5	1.0
203	12	0.0	0	NA
203	13	1.0	1.0	1.0
203	14	0.0	0	NA
203	15	2.0	0.5	1.0
204	1	355.0	0.0	0.0
204	2	121.0	0.0495867768595	0.136770650158
204	3	25.0	0.36	0.866907837122
204	4	9.0	0.111111111111	0.326029348894
204	5	0.0	0	NA
204	6	0.0	0	NA
204	7	0.0	0	NA
204	8	0.0	0	NA
204	9	0.0	0	NA
204	10	0.0	0	NA
204	11	0.0	0	NA
204	12	0.0	0	NA
204	13	0.0	0	NA
204	14	0.0	0	NA
204	15	0.0	0	NA
205	1	355.0	0.0	0.0
205	2	99.0	0.0808080808081	0.201008838215
205	3	24.0	0.125	0.326467147205
205	4	6.0	0.5	1.0
205	5	0.0	0	NA
205	6	0.0	0	NA
205	7	0.0	0	NA
205	8	0.0	0	NA
205	9	0.0	0	NA
205	10	0.0	0	NA
205	11	0.0	0	NA
205	12	0.0	0	NA
205	13	0.0	0	NA
205	14	0.0	0	NA
205	15	0.0	0	NA
206	1	360.0	0.0	0.0
206	2	90.0	0.144444444444	0.41332673556
206	3	20.0	0.3	0.690030541364
206	4	12.0	0.333333333333	0.774996891294
206	5	0.0	0	NA
206	6	0.0	0	NA
206	7	0.0	0	NA
206	8	0.0	0	NA
206	9	0.0	0	NA
206	10	0.0	0	NA
206	11	0.0	0	NA
206	12	0.0	0	NA
206	13	0.0	0	NA
206	14	0.0	0	NA
206	15	0.0	0	NA
207	1	468.0	0.0	0.0
207	2	370.0	0.183783783784	0.430649617027
207	3	300.0	0.193333333333	0.466772047322
207	4	141.0	0.312056737589	0.730422328762
207	5	102.0	0.421568627451	0.938520397376
207	6	67.0	0.388059701493	0.857059431983
207	7	27.0	0.222222222222	0.596053389607
207	8	4.0	0.75	1.0
207	9	16.0	0.4375	1.0
207	10	5.0	0.6	1.0
207	11	5.0	0.0	0.0
207	12	1.0	1.0	1.0
207	13	4.0	0.75	1.0
207	14	0.0	0	NA
207	15	1.0	1.0	1.0
208	1	296.0	0.0	0.0
208	2	79.0	0.0759493670886	0.189416878865
208	3	38.0	0.0526315789474	0.149073307132
208	4	5.0	0.0	0.0
208	5	0.0	0	NA
208	6	2.0	0.5	1.0
208	7	0.0	0	NA
208	8	0.0	0	NA
208	9	0.0	0	NA
208	10	0.0	0	NA
208	11	0.0	0	NA
208	12	0.0	0	NA
208	13	0.0	0	NA
208	14	0.0	0	NA
208	15	0.0	0	NA
209	1	275.0	0.0	0.0
209	2	72.0	0.166666666667	0.412286617935
209	3	4.0	0.25	0.424127671109
209	4	2.0	1.0	1.0
209	5	1.0	1.0	1.0
209	6	0.0	0	NA
209	7	0.0	0	NA
209	8	0.0	0	NA
209	9	0.0	0	NA
209	10	0.0	0	NA
209	11	0.0	0	NA
209	12	0.0	0	NA
209	13	0.0	0	NA
209	14	0.0	0	NA
209	15	0.0	0	NA
210	1	488.0	0.0	0.0
210	2	192.0	0.208333333333	0.530817980404
210	3	105.0	0.428571428571	0.990049686297
210	4	27.0	0.407407407407	1.0
210	5	3.0	0.666666666667	0.940938689712
210	6	2.0	0.5	1.0
210	7	0.0	0	NA
210	8	0.0	0	NA
210	9	0.0	0	NA
210	10	0.0	0	NA
210	11	0.0	0	NA
210	12	0.0	0	NA
210	13	0.0	0	NA
210	14	0.0	0	NA
210	15	0.0	0	NA
211	1	408.0	0.0	0.0
211	2	185.0	0.243243243243	0.528342873185
211	3	75.0	0.373333333333	0.906870185178
211	4	19.0	0.210526315789	0.45243589504
211	5	3.0	0.0	0.0
211	6	1.0	0.0	0.0
211	7	0.0	0	NA
211	8	0.0	0	NA
211	9	0.0	0	NA
211	10	0.0	0	NA
211	11	0.0	0	NA
211	12	0.0	0	NA
211	13	0.0	0	NA
211	14	0.0	0	NA
211	15	0.0	0	NA
212	1	281.0	0.0	0.0
212	2	97.0	0.164948453608	0.377734799696
212	3	18.0	0.333333333333	0.841946044647
212	4	1.0	1.0	1.0
212	5	0.0	0	NA
212	6	1.0	1.0	1.0
212	7	0.0	0	NA
212	8	0.0	0	NA
212	9	0.0	0	NA
212	10	0.0	0	NA
212	11	0.0	0	NA
212	12	0.0	0	NA
212	13	0.0	0	NA
212	14	0.0	0	NA
212	15	0.0	0	NA
213	1	314.0	0.0	0.0
213	2	92.0	0.0434782608696	0.104233638647
213	3	33.0	0.666666666667	1.0
213	4	6.0	0.5	0.974374729168
213	5	0.0	0	NA
213	6	0.0	0	NA
213	7	0.0	0	NA
213	8	0.0	0	NA
213	9	0.0	0	NA
213	10	0.0	0	NA
213	11	0.0	0	NA
213	12	0.0	0	NA
213	13	0.0	0	NA
213	14	0.0	0	NA
213	15	0.0	0	NA
214	1	518.0	0.0	0.0
214	2	185.0	0.232432432432	0.580954523864
214	3	95.0	0.242105263158	0.623864890531
214	4	30.0	0.233333333333	0.494006883258
214	5	10.0	0.6	1.0
214	6	7.0	0.142857142857	0.440803638678
214	7	7.0	0.714285714286	1.0
214	8	2.0	1.0	1.0
214	9	4.0	0.75	1.0
214	10	0.0	0	NA
214	11	0.0	0	NA
214	12	0.0	0	NA
214	13	0.0	0	NA
214	14	0.0	0	NA
214	15	0.0	0	NA
215	1	286.0	0.0	0.0
215	2	59.0	0.101694915254	0.242619739506
215	3	26.0	0.269230769231	0.738042356322
215	4	5.0	0.0	0.0
215	5	0.0	0	NA
215	6	0.0	0	NA
215	7	0.0	0	NA
215	8	0.0	0	NA
215	9	0.0	0	NA
215	10	0.0	0	NA
215	11	0.0	0	NA
215	12	0.0	0	NA
215	13	0.0	0	NA
215	14	0.0	0	NA
215	15	0.0	0	NA
216	1	240.0	0.0	0.0
216	2	124.0	0.145161290323	0.326068113234
216	3	24.0	0.0416666666667	0.137725503261
216	4	9.0	0.0	0.0
216	5	0.0	0	NA
216	6	0.0	0	NA
216	7	0.0	0	NA
216	8	0.0	0	NA
216	9	0.0	0	NA
216	10	0.0	0	NA
216	11	0.0	0	NA
216	12	0.0	0	NA
216	13	0.0	0	NA
216	14	0.0	0	NA
216	15	0.0	0	NA
217	1	437.0	0.0	0.0
217	2	128.0	0.1328125	0.35547944372
217	3	30.0	0.1	0.251579740048
217	4	2.0	0.0	0.0
217	5	7.0	0.714285714286	1.0
217	6	0.0	0	NA
217	7	0.0	0	NA
217	8	0.0	0	NA
217	9	0.0	0	NA
217	10	0.0	0	NA
217	11	0.0	0	NA
217	12	0.0	0	NA
217	13	0.0	0	NA
217	14	0.0	0	NA
217	15	0.0	0	NA
218	1	524.0	0.0	0.0
218	2	325.0	0.163076923077	0.399422343878
218	3	167.0	0.365269461078	0.940660396832
218	4	84.0	0.464285714286	1.0
218	5	49.0	0.69387755102	1.0
218	6	9.0	0.333333333333	0.596346690246
218	7	2.0	0.5	1.0
218	8	2.0	0.5	1.0
218	9	4.0	0.75	1.0
218	10	0.0	0	NA
218	11	0.0	0	NA
218	12	0.0	0	NA
218	13	0.0	0	NA
218	14	0.0	0	NA
218	15	0.0	0	NA
219	1	449.0	0.0	0.0
219	2	148.0	0.0608108108108	0.143692799709
219	3	53.0	0.245283018868	0.613327578153
219	4	29.0	0.0689655172414	0.176610636588
219	5	9.0	0.0	0.0
219	6	1.0	0.0	0.0
219	7	2.0	0.5	1.0
219	8	0.0	0	NA
219	9	0.0	0	NA
219	10	0.0	0	NA
219	11	0.0	0	NA
219	12	0.0	0	NA
219	13	0.0	0	NA
219	14	0.0	0	NA
219	15	0.0	0	NA
220	1	336.0	0.0	0.0
220	2	88.0	0.159090909091	0.418042710683
220	3	20.0	0.4	0.99879558884
220	4	17.0	0.705882352941	1.0
220	5	0.0	0	NA
220	6	0.0	0	NA
220	7	0.0	0	NA
220	8	0.0	0	NA
220	9	0.0	0	NA
220	10	0.0	0	NA
220	11	0.0	0	NA
220	12	0.0	0	NA
220	13	0.0	0	NA
220	14	0.0	0	NA
220	15	0.0	0	NA
221	1	281.0	0.0	0.0
221	2	80.0	0.1125	0.237958871422
221	3	24.0	0.0416666666667	0.138227189547
221	4	5.0	0.0	0.0
221	5	0.0	0	NA
221	6	0.0	0	NA
221	7	0.0	0	NA
221	8	0.0	0	NA
221	9	0.0	0	NA
221	10	0.0	0	NA
221	11	0.0	0	NA
221	12	0.0	0	NA
221	13	0.0	0	NA
221	14	0.0	0	NA
221	15	0.0	0	NA
222	1	475.0	0.0	0.0
222	2	150.0	0.213333333333	0.532439976704
222	3	62.0	0.322580645161	0.741445265427
222	4	33.0	0.636363636364	1.0
222	5	6.0	0.5	1.0
222	6	0.0	0	NA
222	7	0.0	0	NA
222	8	0.0	0	NA
222	9	0.0	0	NA
222	10	0.0	0	NA
222	11	0.0	0	NA
222	12	0.0	0	NA
222	13	0.0	0	NA
222	14	0.0	0	NA
222	15	0.0	0	NA
223	1	268.0	0.0	0.0
223	2	124.0	0.137096774194	0.341796075887
223	3	38.0	0.473684210526	0.949649774671
223	4	13.0	0.0	0.0
223	5	3.0	1.0	1.0
223	6	0.0	0	NA
223	7	0.0	0	NA
223	8	0.0	0	NA
223	9	0.0	0	NA
223	10	0.0	0	NA
223	11	0.0	0	NA
223	12	0.0	0	NA
223	13	0.0	0	NA
223	14	0.0	0	NA
223	15	0.0	0	NA
224	1	424.0	0.0	0.0
224	2	139.0	0.129496402878	0.292864813675
224	3	24.0	0.583333333333	1.0
224	4	14.0	0.785714285714	1.0
224	5	2.0	1.0	1.0
224	6	2.0	0.0	0.0
224	7	0.0	0	NA
224	8	0.0	0	NA
224	9	0.0	0	NA
224	10	0.0	0	NA
224	11	0.0	0	NA
224	12	0.0	0	NA
224	13	0.0	0	NA
224	14	0.0	0	NA
224	15	0.0	0	NA
225	1	437.0	0.0	0.0
225	2	143.0	0.0909090909091	0.212232334537
225	3	57.0	0.228070175439	0.64500332898
225	4	14.0	0.0	0.0
225	5	4.0	0.5	0.69074276175
225	6	1.0	0.0	0.0
225	7	2.0	0.0	0.0
225	8	0.0	0	NA
225	9	0.0	0	NA
225	10	0.0	0	NA
225	11	0.0	0	NA
225	12	0.0	0	NA
225	13	0.0	0	NA
225	14	0.0	0	NA
225	15	0.0	0	NA
226	1	249.0	0.0	0.0
226	2	79.0	0.0632911392405	0.1438312125
226	3	11.0	0.454545454545	1.0
226	4	6.0	0.5	1.0
226	5	0.0	0	NA
226	6	0.0	0	NA
226	7	0.0	0	NA
226	8	0.0	0	NA
226	9	0.0	0	NA
226	10	0.0	0	NA
226	11	0.0	0	NA
226	12	0.0	0	NA
226	13	0.0	0	NA
226	14	0.0	0	NA
226	15	0.0	0	NA
227	1	536.0	0.0	0.0
227	2	209.0	0.138755980861	0.355132375724
227	3	41.0	0.243902439024	0.575921040998
227	4	14.0	0.571428571429	1.0
227	5	3.0	0.666666666667	1.0
227	6	0.0	0	NA
227	7	0.0	0	NA
227	8	0.0	0	NA
227	9	4.0	0.5	1.0
227	10	2.0	1.0	1.0
227	11	0.0	0	NA
227	12	0.0	0	NA
227	13	0.0	0	NA
227	14	0.0	0	NA
227	15	0.0	0	NA
228	1	292.0	0.0	0.0
228	2	42.0	0.0238095238095	0.0597245734232
228	3	21.0	0.285714285714	0.681811232043
228	4	8.0	0.0	0.0
228	5	0.0	0	NA
228	6	0.0	0	NA
228	7	0.0	0	NA
228	8	0.0	0	NA
228	9	0.0	0	NA
228	10	0.0	0	NA
228	11	0.0	0	NA
228	12	0.0	0	NA
228	13	0.0	0	NA
228	14	0.0	0	NA
228	15	0.0	0	NA
229	1	225.0	0.0	0.0
229	2	63.0	0.206349206349	0.47263108502
229	3	2.0	0.0	0.0
229	4	0.0	0	NA
229	5	0.0	0	NA
229	6	0.0	0	NA
229	7	0.0	0	NA
229	8	0.0	0	NA
229	9	0.0	0	NA
229	10	0.0	0	NA
229	11	0.0	0	NA
229	12	0.0	0	NA
229	13	0.0	0	NA
229	14	0.0	0	NA
229	15	0.0	0	NA
230	1	461.0	0.0	0.0
230	2	193.0	0.134715025907	0.32850192142
230	3	93.0	0.225806451613	0.518684936753
230	4	27.0	0.481481481481	0.927921759828
230	5	18.0	0.666666666667	1.0
230	6	6.0	0.5	1.0
230	7	1.0	1.0	1.0
230	8	1.0	1.0	1.0
230	9	0.0	0	NA
230	10	0.0	0	NA
230	11	0.0	0	NA
230	12	0.0	0	NA
230	13	0.0	0	NA
230	14	0.0	0	NA
230	15	0.0	0	NA
231	1	288.0	0.0	0.0
231	2	137.0	0.14598540146	0.35309388532
231	3	26.0	0.192307692308	0.474543196311
231	4	5.0	0.4	0.929827153006
231	5	8.0	0.0	0.0
231	6	3.0	0.0	0.0
231	7	0.0	0	NA
231	8	0.0	0	NA
231	9	0.0	0	NA
231	10	0.0	0	NA
231	11	0.0	0	NA
231	12	0.0	0	NA
231	13	0.0	0	NA
231	14	0.0	0	NA
231	15	0.0	0	NA
232	1	569.0	0.0	0.0
232	2	278.0	0.223021582734	0.537204073668
232	3	146.0	0.321917808219	0.724342158458
232	4	97.0	0.381443298969	0.900290423122
232	5	34.0	0.441176470588	1.0
232	6	43.0	0.395348837209	1.0
232	7	16.0	0.5	1.0
232	8	18.0	0.388888888889	0.945278862641
232	9	19.0	0.578947368421	1.0
232	10	1.0	1.0	1.0
232	11	0.0	0	NA
232	12	0.0	0	NA
232	13	0.0	0	NA
232	14	0.0	0	NA
232	15	0.0	0	NA
233	1	256.0	0.0	0.0
233	2	44.0	0.113636363636	0.283345272003
233	3	7.0	0.142857142857	0.588139852928
233	4	0.0	0	NA
233	5	5.0	0.4	0.971090609106
233	6	0.0	0	NA
233	7	0.0	0	NA
233	8	0.0	0	NA
233	9	0.0	0	NA
233	10	0.0	0	NA
233	11	0.0	0	NA
233	12	0.0	0	NA
233	13	0.0	0	NA
233	14	0.0	0	NA
233	15	0.0	0	NA
234	1	406.0	0.0	0.0
234	2	104.0	0.0769230769231	0.174606912469
234	3	40.0	0.15	0.317783683916
234	4	9.0	0.444444444444	1.0
234	5	0.0	0	NA
234	6	0.0	0	NA
234	7	0.0	0	NA
234	8	0.0	0	NA
234	9	0.0	0	NA
234	10	0.0	0	NA
234	11	0.0	0	NA
234	12	0.0	0	NA
234	13	0.0	0	NA
234	14	0.0	0	NA
234	15	0.0	0	NA
235	1	542.0	0.0	0.0
235	2	284.0	0.112676056338	0.259779538247
235	3	127.0	0.251968503937	0.610204701754
235	4	31.0	0.41935483871	0.908533119457
235	5	12.0	0.25	0.69049192052
235	6	7.0	0.428571428571	1.0
235	7	6.0	1.0	1.0
235	8	0.0	0	NA
235	9	0.0	0	NA
235	10	0.0	0	NA
235	11	0.0	0	NA
235	12	0.0	0	NA
235	13	0.0	0	NA
235	14	0.0	0	NA
235	15	0.0	0	NA
236	1	276.0	0.0	0.0
236	2	132.0	0.128787878788	0.291438079439
236	3	6.0	0.166666666667	0.437939438113
236	4	7.0	0.0	0.0
236	5	1.0	0.0	0.0
236	6	1.0	0.0	0.0
236	7	0.0	0	NA
236	8	0.0	0	NA
236	9	0.0	0	NA
236	10	0.0	0	NA
236	11	0.0	0	NA
236	12	0.0	0	NA
236	13	0.0	0	NA
236	14	0.0	0	NA
236	15	0.0	0	NA
237	1	384.0	0.0	0.0
237	2	381.0	0.209973753281	0.506050513821
237	3	264.0	0.306818181818	0.698189225928
237	4	200.0	0.455	1.0
237	5	157.0	0.433121019108	0.985338528583
237	6	106.0	0.415094339623	1.0
237	7	57.0	0.543859649123	1.0
237	8	55.0	0.654545454545	1.0
237	9	40.0	0.75	1.0
237	10	20.0	0.7	1.0
237	11	7.0	0.857142857143	1.0
237	12	5.0	0.4	0.896217151238
237	13	4.0	0.75	1.0
237	14	2.0	0.5	1.0
237	15	0.0	0	NA
238	1	413.0	0.0	0.0
238	2	124.0	0.120967741935	0.311823491325
238	3	61.0	0.426229508197	0.923859408909
238	4	8.0	0.0	0.0
238	5	0.0	0	NA
238	6	0.0	0	NA
238	7	1.0	0.0	0.0
238	8	0.0	0	NA
238	9	0.0	0	NA
238	10	0.0	0	NA
238	11	0.0	0	NA
238	12	0.0	0	NA
238	13	0.0	0	NA
238	14	0.0	0	NA
238	15	0.0	0	NA
239	1	468.0	0.0	0.0
239	2	143.0	0.20979020979	0.503609440147
239	3	65.0	0.215384615385	0.590929492164
239	4	35.0	0.114285714286	0.398382578079
239	5	13.0	0.538461538462	1.0
239	6	5.0	0.4	1.0
239	7	0.0	0	NA
239	8	0.0	0	NA
239	9	0.0	0	NA
239	10	0.0	0	NA
239	11	0.0	0	NA
239	12	0.0	0	NA
239	13	0.0	0	NA
239	14	0.0	0	NA
239	15	0.0	0	NA
240	1	487.0	0.0	0.0
240	2	249.0	0.192771084337	0.460041771427
240	3	162.0	0.333333333333	0.790852398889
240	4	56.0	0.464285714286	1.0
240	5	51.0	0.450980392157	1.0
240	6	20.0	0.7	1.0
240	7	8.0	0.25	1.0
240	8	5.0	0.0	0.0
240	9	1.0	0.0	0.0
240	10	0.0	0	NA
240	11	2.0	0.0	0.0
240	12	0.0	0	NA
240	13	0.0	0	NA
240	14	0.0	0	NA
240	15	0.0	0	NA
241	1	339.0	0.0	0.0
241	2	151.0	0.0993377483444	0.239926062078
241	3	39.0	0.230769230769	0.652647684076
241	4	12.0	0.416666666667	1.0
241	5	2.0	0.0	0.0
241	6	0.0	0	NA
241	7	5.0	0.8	1.0
241	8	0.0	0	NA
241	9	0.0	0	NA
241	10	0.0	0	NA
241	11	0.0	0	NA
241	12	0.0	0	NA
241	13	0.0	0	NA
241	14	0.0	0	NA
241	15	0.0	0	NA
242	1	499.0	0.0	0.0
242	2	216.0	0.0972222222222	0.229138487161
242	3	59.0	0.237288135593	0.648047196222
242	4	37.0	0.189189189189	0.80220389123
242	5	7.0	0.285714285714	0.914254469681
242	6	3.0	0.333333333333	0.907140646534
242	7	0.0	0	NA
242	8	0.0	0	NA
242	9	0.0	0	NA
242	10	0.0	0	NA
242	11	0.0	0	NA
242	12	0.0	0	NA
242	13	0.0	0	NA
242	14	0.0	0	NA
242	15	0.0	0	NA
243	1	269.0	0.0	0.0
243	2	60.0	0.233333333333	0.593013953355
243	3	15.0	0.133333333333	0.287522583614
243	4	2.0	0.0	0.0
243	5	2.0	0.5	1.0
243	6	0.0	0	NA
243	7	0.0	0	NA
243	8	0.0	0	NA
243	9	0.0	0	NA
243	10	0.0	0	NA
243	11	0.0	0	NA
243	12	0.0	0	NA
243	13	0.0	0	NA
243	14	0.0	0	NA
243	15	0.0	0	NA
244	1	311.0	0.0	0.0
244	2	91.0	0.142857142857	0.35172775156
244	3	19.0	0.368421052632	0.876495026007
244	4	3.0	0.666666666667	1.0
244	5	0.0	0	NA
244	6	1.0	1.0	1.0
244	7	0.0	0	NA
244	8	0.0	0	NA
244	9	0.0	0	NA
244	10	0.0	0	NA
244	11	0.0	0	NA
244	12	0.0	0	NA
244	13	0.0	0	NA
244	14	0.0	0	NA
244	15	0.0	0	NA
245	1	397.0	0.0	0.0
245	2	120.0	0.241666666667	0.538547445615
245	3	69.0	0.289855072464	0.728352526354
245	4	22.0	0.727272727273	1.0
245	5	2.0	0.0	0.0
245	6	1.0	1.0	1.0
245	7	0.0	0	NA
245	8	0.0	0	NA
245	9	0.0	0	NA
245	10	0.0	0	NA
245	11	0.0	0	NA
245	12	0.0	0	NA
245	13	0.0	0	NA
245	14	0.0	0	NA
245	15	0.0	0	NA
246	1	425.0	0.0	0.0
246	2	130.0	0.153846153846	0.368237683926
246	3	67.0	0.268656716418	0.596523663819
246	4	42.0	0.5	0.975328087426
246	5	23.0	0.652173913043	1.0
246	6	3.0	1.0	1.0
246	7	0.0	0	NA
246	8	0.0	0	NA
246	9	0.0	0	NA
246	10	4.0	0.5	1.0
246	11	0.0	0	NA
246	12	0.0	0	NA
246	13	0.0	0	NA
246	14	0.0	0	NA
246	15	0.0	0	NA
247	1	419.0	0.0	0.0
247	2	483.0	0.159420289855	0.376158694294
247	3	227.0	0.286343612335	0.696765620845
247	4	119.0	0.327731092437	0.745072768362
247	5	86.0	0.383720930233	0.893523662558
247	6	51.0	0.588235294118	1.0
247	7	28.0	0.428571428571	1.0
247	8	14.0	0.214285714286	0.902273755704
247	9	11.0	0.454545454545	1.0
247	10	18.0	0.944444444444	1.0
247	11	10.0	0.7	1.0
247	12	0.0	0	NA
247	13	1.0	0.0	0.0
247	14	1.0	1.0	1.0
247	15	0.0	0	NA
248	1	339.0	0.0	0.0
248	2	133.0	0.210526315789	0.506491703531
248	3	26.0	0.115384615385	0.27372270736
248	4	5.0	0.0	0.0
248	5	8.0	0.875	1.0
248	6	1.0	1.0	1.0
248	7	1.0	0.0	0.0
248	8	0.0	0	NA
248	9	0.0	0	NA
248	10	0.0	0	NA
248	11	0.0	0	NA
248	12	0.0	0	NA
248	13	0.0	0	NA
248	14	0.0	0	NA
248	15	0.0	0	NA
249	1	482.0	0.0	0.0
249	2	384.0	0.213541666667	0.464484752729
249	3	236.0	0.28813559322	0.678034133231
249	4	116.0	0.396551724138	0.942427870857
249	5	54.0	0.425925925926	1.0
249	6	27.0	0.555555555556	1.0
249	7	19.0	0.578947368421	1.0
249	8	18.0	0.555555555556	1.0
249	9	6.0	0.333333333333	0.91803341643
249	10	5.0	0.6	1.0
249	11	1.0	0.0	0.0
249	12	0.0	0	NA
249	13	0.0	0	NA
249	14	0.0	0	NA
249	15	0.0	0	NA
250	1	394.0	0.0	0.0
250	2	138.0	0.239130434783	0.60386867628
250	3	68.0	0.367647058824	0.895280256254
250	4	19.0	0.105263157895	0.26736423491
250	5	8.0	0.75	1.0
250	6	1.0	1.0	1.0
250	7	1.0	1.0	1.0
250	8	4.0	1.0	1.0
250	9	0.0	0	NA
250	10	0.0	0	NA
250	11	0.0	0	NA
250	12	0.0	0	NA
250	13	0.0	0	NA
250	14	0.0	0	NA
250	15	0.0	0	NA
251	1	429.0	0.0	0.0
251	2	416.0	0.158653846154	0.374083979633
251	3	214.0	0.214953271028	0.509044219698
251	4	128.0	0.421875	0.903082423414
251	5	111.0	0.594594594595	1.0
251	6	46.0	0.413043478261	0.845023970879
251	7	31.0	0.483870967742	1.0
251	8	7.0	0.714285714286	1.0
251	9	6.0	0.666666666667	1.0
251	10	1.0	0.0	0.0
251	11	3.0	0.0	0.0
251	12	3.0	0.0	0.0
251	13	0.0	0	NA
251	14	0.0	0	NA
251	15	0.0	0	NA
252	1	381.0	0.0	0.0
252	2	136.0	0.139705882353	0.350187748589
252	3	79.0	0.240506329114	0.501042534264
252	4	3.0	0.666666666667	1.0
252	5	0.0	0	NA
252	6	0.0	0	NA
252	7	0.0	0	NA
252	8	0.0	0	NA
252	9	0.0	0	NA
252	10	0.0	0	NA
252	11	0.0	0	NA
252	12	0.0	0	NA
252	13	0.0	0	NA
252	14	0.0	0	NA
252	15	0.0	0	NA
253	1	359.0	0.0	0.0
253	2	148.0	0.108108108108	0.242891545658
253	3	41.0	0.512195121951	1.0
253	4	39.0	0.230769230769	0.644006017849
253	5	8.0	0.375	0.864529010879
253	6	0.0	0	NA
253	7	0.0	0	NA
253	8	0.0	0	NA
253	9	0.0	0	NA
253	10	0.0	0	NA
253	11	0.0	0	NA
253	12	0.0	0	NA
253	13	0.0	0	NA
253	14	0.0	0	NA
253	15	0.0	0	NA
254	1	485.0	0.0	0.0
254	2	366.0	0.270491803279	0.624885769097
254	3	212.0	0.36320754717	0.832463243105
254	4	184.0	0.423913043478	0.940960465901
254	5	73.0	0.438356164384	1.0
254	6	53.0	0.415094339623	0.980435400152
254	7	25.0	0.52	1.0
254	8	15.0	0.666666666667	1.0
254	9	20.0	0.7	1.0
254	10	4.0	0.5	1.0
254	11	3.0	0.333333333333	0.786422723978
254	12	3.0	1.0	1.0
254	13	16.0	1.0	1.0
254	14	2.0	0.5	1.0
254	15	0.0	0	NA
255	1	555.0	0.0	0.0
255	2	179.0	0.268156424581	0.639175248181
255	3	98.0	0.5	1.0
255	4	26.0	0.346153846154	0.838733848054
255	5	3.0	0.333333333333	1.0
255	6	4.0	0.0	0.0
255	7	0.0	0	NA
255	8	0.0	0	NA
255	9	0.0	0	NA
255	10	0.0	0	NA
255	11	0.0	0	NA
255	12	0.0	0	NA
255	13	0.0	0	NA
255	14	0.0	0	NA
255	15	0.0	0	NA
256	1	262.0	0.0	0.0
256	2	97.0	0.144329896907	0.357528267279
256	3	23.0	0.0869565217391	0.165908474265
256	4	0.0	0	NA
256	5	0.0	0	NA
256	6	0.0	0	NA
256	7	0.0	0	NA
256	8	0.0	0	NA
256	9	0.0	0	NA
256	10	0.0	0	NA
256	11	0.0	0	NA
256	12	0.0	0	NA
256	13	0.0	0	NA
256	14	0.0	0	NA
256	15	0.0	0	NA
257	1	548.0	0.0	0.0
257	2	328.0	0.216463414634	0.501944972289
257	3	161.0	0.354037267081	0.856782657637
257	4	70.0	0.442857142857	1.0
257	5	29.0	0.48275862069	1.0
257	6	14.0	0.5	1.0
257	7	8.0	0.5	0.985635530141
257	8	4.0	0.5	1.0
257	9	2.0	0.5	1.0
257	10	4.0	0.75	1.0
257	11	0.0	0	NA
257	12	0.0	0	NA
257	13	0.0	0	NA
257	14	0.0	0	NA
257	15	0.0	0	NA
258	1	510.0	0.0	0.0
258	2	223.0	0.0941704035874	0.237878494838
258	3	97.0	0.19587628866	0.517526695095
258	4	39.0	0.538461538462	1.0
258	5	9.0	0.222222222222	0.733293706999
258	6	12.0	0.166666666667	0.402678992139
258	7	1.0	1.0	1.0
258	8	4.0	0.25	1.0
258	9	0.0	0	NA
258	10	1.0	1.0	1.0
258	11	2.0	1.0	1.0
258	12	0.0	0	NA
258	13	0.0	0	NA
258	14	0.0	0	NA
258	15	0.0	0	NA
259	1	480.0	0.0	0.0
259	2	282.0	0.212765957447	0.484468249666
259	3	168.0	0.404761904762	0.94858521495
259	4	78.0	0.358974358974	0.846453342598
259	5	44.0	0.568181818182	1.0
259	6	30.0	0.566666666667	1.0
259	7	3.0	0.666666666667	1.0
259	8	0.0	0	NA
259	9	4.0	0.0	0.0
259	10	3.0	0.333333333333	1.0
259	11	0.0	0	NA
259	12	0.0	0	NA
259	13	0.0	0	NA
259	14	0.0	0	NA
259	15	0.0	0	NA
260	1	472.0	0.0	0.0
260	2	214.0	0.163551401869	0.395386822085
260	3	112.0	0.375	0.780067134777
260	4	39.0	0.358974358974	0.915608202179
260	5	29.0	0.275862068966	0.801379121335
260	6	8.0	0.25	0.660081603041
260	7	0.0	0	NA
260	8	0.0	0	NA
260	9	0.0	0	NA
260	10	0.0	0	NA
260	11	0.0	0	NA
260	12	0.0	0	NA
260	13	0.0	0	NA
260	14	0.0	0	NA
260	15	0.0	0	NA
261	1	305.0	0.0	0.0
261	2	51.0	0.0980392156863	0.290061386765
261	3	10.0	0.0	0.0
261	4	4.0	1.0	1.0
261	5	0.0	0	NA
261	6	0.0	0	NA
261	7	0.0	0	NA
261	8	0.0	0	NA
261	9	0.0	0	NA
261	10	0.0	0	NA
261	11	0.0	0	NA
261	12	0.0	0	NA
261	13	0.0	0	NA
261	14	0.0	0	NA
261	15	0.0	0	NA
262	1	433.0	0.0	0.0
262	2	375.0	0.149333333333	0.355708231008
262	3	267.0	0.374531835206	0.888221951825
262	4	107.0	0.514018691589	1.0
262	5	102.0	0.539215686275	1.0
262	6	56.0	0.357142857143	0.876372374408
262	7	50.0	0.56	1.0
262	8	26.0	0.615384615385	1.0
262	9	12.0	0.5	1.0
262	10	12.0	0.5	1.0
262	11	2.0	1.0	1.0
262	12	4.0	1.0	1.0
262	13	1.0	0.0	0.0
262	14	1.0	1.0	1.0
262	15	3.0	1.0	1.0
263	1	298.0	0.0	0.0
263	2	61.0	0.0491803278689	0.120402707742
263	3	26.0	0.230769230769	0.652373451371
263	4	7.0	0.0	0.0
263	5	0.0	0	NA
263	6	0.0	0	NA
263	7	0.0	0	NA
263	8	0.0	0	NA
263	9	0.0	0	NA
263	10	0.0	0	NA
263	11	0.0	0	NA
263	12	0.0	0	NA
263	13	0.0	0	NA
263	14	0.0	0	NA
263	15	0.0	0	NA
264	1	495.0	0.0	0.0
264	2	268.0	0.164179104478	0.393893380381
264	3	116.0	0.241379310345	0.573738212264
264	4	52.0	0.596153846154	1.0
264	5	22.0	0.409090909091	0.971414431183
264	6	10.0	0.6	1.0
264	7	9.0	0.333333333333	0.779113395577
264	8	1.0	0.0	0.0
264	9	0.0	0	NA
264	10	0.0	0	NA
264	11	0.0	0	NA
264	12	0.0	0	NA
264	13	0.0	0	NA
264	14	0.0	0	NA
264	15	0.0	0	NA
265	1	411.0	0.0	0.0
265	2	251.0	0.147410358566	0.366756473481
265	3	64.0	0.28125	0.737084677964
265	4	22.0	0.363636363636	0.792317035907
265	5	12.0	0.666666666667	1.0
265	6	3.0	0.333333333333	0.901697106797
265	7	0.0	0	NA
265	8	0.0	0	NA
265	9	0.0	0	NA
265	10	0.0	0	NA
265	11	0.0	0	NA
265	12	0.0	0	NA
265	13	0.0	0	NA
265	14	0.0	0	NA
265	15	0.0	0	NA
266	1	153.0	0.0	0.0
266	2	62.0	0.0967741935484	0.21246391344
266	3	12.0	0.0833333333333	0.226538683589
266	4	1.0	1.0	1.0
266	5	3.0	0.0	0.0
266	6	0.0	0	NA
266	7	0.0	0	NA
266	8	0.0	0	NA
266	9	0.0	0	NA
266	10	0.0	0	NA
266	11	0.0	0	NA
266	12	0.0	0	NA
266	13	0.0	0	NA
266	14	0.0	0	NA
266	15	0.0	0	NA
267	1	374.0	0.0	0.0
267	2	378.0	0.21164021164	0.482282708013
267	3	347.0	0.291066282421	0.699181366547
267	4	206.0	0.441747572816	1.0
267	5	102.0	0.5	1.0
267	6	57.0	0.649122807018	1.0
267	7	63.0	0.47619047619	1.0
267	8	44.0	0.613636363636	1.0
267	9	20.0	0.9	1.0
267	10	7.0	1.0	1.0
267	11	12.0	0.666666666667	1.0
267	12	12.0	0.583333333333	1.0
267	13	8.0	0.875	1.0
267	14	3.0	0.0	0.0
267	15	7.0	0.285714285714	1.0
268	1	163.0	0.0	0.0
268	2	32.0	0.15625	0.377547091156
268	3	9.0	0.111111111111	0.299692288699
268	4	1.0	0.0	0.0
268	5	0.0	0	NA
268	6	0.0	0	NA
268	7	0.0	0	NA
268	8	0.0	0	NA
268	9	0.0	0	NA
268	10	0.0	0	NA
268	11	0.0	0	NA
268	12	0.0	0	NA
268	13	0.0	0	NA
268	14	0.0	0	NA
268	15	0.0	0	NA
269	1	163.0	0.0	0.0
269	2	23.0	0.304347826087	0.643284663494
269	3	0.0	0	NA
269	4	1.0	1.0	1.0
269	5	0.0	0	NA
269	6	0.0	0	NA
269	7	0.0	0	NA
269	8	0.0	0	NA
269	9	0.0	0	NA
269	10	0.0	0	NA
269	11	0.0	0	NA
269	12	0.0	0	NA
269	13	0.0	0	NA
269	14	0.0	0	NA
269	15	0.0	0	NA
270	1	394.0	0.0	0.0
270	2	138.0	0.13768115942	0.323860062116
270	3	88.0	0.409090909091	0.929052026394
270	4	15.0	0.4	0.965023030831
270	5	1.0	1.0	1.0
270	6	4.0	0.0	0.0
270	7	1.0	0.0	0.0
270	8	0.0	0	NA
270	9	0.0	0	NA
270	10	0.0	0	NA
270	11	0.0	0	NA
270	12	0.0	0	NA
270	13	0.0	0	NA
270	14	0.0	0	NA
270	15	0.0	0	NA
271	1	286.0	0.0	0.0
271	2	48.0	0.333333333333	0.630282864647
271	3	6.0	0.166666666667	0.52217299935
271	4	7.0	0.428571428571	1.0
271	5	0.0	0	NA
271	6	0.0	0	NA
271	7	0.0	0	NA
271	8	0.0	0	NA
271	9	0.0	0	NA
271	10	0.0	0	NA
271	11	0.0	0	NA
271	12	0.0	0	NA
271	13	0.0	0	NA
271	14	0.0	0	NA
271	15	0.0	0	NA
272	1	387.0	0.0	0.0
272	2	152.0	0.0526315789474	0.135878454694
272	3	51.0	0.294117647059	0.715817439554
272	4	30.0	0.633333333333	1.0
272	5	9.0	0.222222222222	0.388776215277
272	6	3.0	1.0	1.0
272	7	0.0	0	NA
272	8	0.0	0	NA
272	9	0.0	0	NA
272	10	0.0	0	NA
272	11	0.0	0	NA
272	12	0.0	0	NA
272	13	0.0	0	NA
272	14	0.0	0	NA
272	15	0.0	0	NA
273	1	45.0	0.0	0.0
273	2	15.0	0.0	0.0
273	3	0.0	0	NA
273	4	0.0	0	NA
273	5	0.0	0	NA
273	6	0.0	0	NA
273	7	0.0	0	NA
273	8	0.0	0	NA
273	9	0.0	0	NA
273	10	0.0	0	NA
273	11	0.0	0	NA
273	12	0.0	0	NA
273	13	0.0	0	NA
273	14	0.0	0	NA
273	15	0.0	0	NA
274	1	182.0	0.0	0.0
274	2	24.0	0.125	0.362330218662
274	3	1.0	0.0	0.0
274	4	0.0	0	NA
274	5	0.0	0	NA
274	6	0.0	0	NA
274	7	0.0	0	NA
274	8	0.0	0	NA
274	9	0.0	0	NA
274	10	0.0	0	NA
274	11	0.0	0	NA
274	12	0.0	0	NA
274	13	0.0	0	NA
274	14	0.0	0	NA
274	15	0.0	0	NA
275	1	292.0	0.0	0.0
275	2	32.0	0.03125	0.0872016323688
275	3	30.0	0.0	0.0
275	4	13.0	0.615384615385	1.0
275	5	0.0	0	NA
275	6	0.0	0	NA
275	7	0.0	0	NA
275	8	0.0	0	NA
275	9	0.0	0	NA
275	10	0.0	0	NA
275	11	0.0	0	NA
275	12	0.0	0	NA
275	13	0.0	0	NA
275	14	0.0	0	NA
275	15	0.0	0	NA
276	1	175.0	0.0	0.0
276	2	35.0	0.285714285714	0.693445952618
276	3	2.0	0.0	0.0
276	4	5.0	0.8	1.0
276	5	0.0	0	NA
276	6	0.0	0	NA
276	7	0.0	0	NA
276	8	0.0	0	NA
276	9	0.0	0	NA
276	10	0.0	0	NA
276	11	0.0	0	NA
276	12	0.0	0	NA
276	13	0.0	0	NA
276	14	0.0	0	NA
276	15	0.0	0	NA
277	1	351.0	0.0	0.0
277	2	126.0	0.166666666667	0.408988489212
277	3	20.0	0.15	0.401068590704
277	4	9.0	0.222222222222	0.885042311483
277	5	1.0	1.0	1.0
277	6	5.0	0.0	0.0
277	7	0.0	0	NA
277	8	0.0	0	NA
277	9	0.0	0	NA
277	10	0.0	0	NA
277	11	0.0	0	NA
277	12	0.0	0	NA
277	13	0.0	0	NA
277	14	0.0	0	NA
277	15	0.0	0	NA
278	1	396.0	0.0	0.0
278	2	143.0	0.104895104895	0.261542861618
278	3	50.0	0.36	0.817734445421
278	4	24.0	0.541666666667	1.0
278	5	8.0	0.5	1.0
278	6	2.0	0.0	0.0
278	7	1.0	1.0	1.0
278	8	0.0	0	NA
278	9	0.0	0	NA
278	10	0.0	0	NA
278	11	0.0	0	NA
278	12	0.0	0	NA
278	13	0.0	0	NA
278	14	0.0	0	NA
278	15	0.0	0	NA
279	1	153.0	0.0	0.0
279	2	15.0	0.0	0.0
279	3	3.0	0.0	0.0
279	4	0.0	0	NA
279	5	0.0	0	NA
279	6	0.0	0	NA
279	7	0.0	0	NA
279	8	0.0	0	NA
279	9	0.0	0	NA
279	10	0.0	0	NA
279	11	0.0	0	NA
279	12	0.0	0	NA
279	13	0.0	0	NA
279	14	0.0	0	NA
279	15	0.0	0	NA
280	1	457.0	0.0	0.0
280	2	164.0	0.158536585366	0.379480401378
280	3	44.0	0.340909090909	1.0
280	4	15.0	0.0666666666667	0.193669833068
280	5	11.0	0.454545454545	1.0
280	6	5.0	1.0	1.0
280	7	0.0	0	NA
280	8	0.0	0	NA
280	9	0.0	0	NA
280	10	0.0	0	NA
280	11	0.0	0	NA
280	12	0.0	0	NA
280	13	0.0	0	NA
280	14	0.0	0	NA
280	15	0.0	0	NA
281	1	370.0	0.0	0.0
281	2	125.0	0.2	0.431609708147
281	3	54.0	0.314814814815	0.666067521949
281	4	20.0	0.35	0.861275094182
281	5	2.0	1.0	1.0
281	6	2.0	0.0	0.0
281	7	0.0	0	NA
281	8	0.0	0	NA
281	9	0.0	0	NA
281	10	0.0	0	NA
281	11	0.0	0	NA
281	12	0.0	0	NA
281	13	0.0	0	NA
281	14	0.0	0	NA
281	15	0.0	0	NA
282	1	268.0	0.0	0.0
282	2	74.0	0.175675675676	0.423806767048
282	3	43.0	0.511627906977	1.0
282	4	6.0	0.166666666667	0.48122981513
282	5	7.0	0.142857142857	0.313245388814
282	6	0.0	0	NA
282	7	0.0	0	NA
282	8	0.0	0	NA
282	9	0.0	0	NA
282	10	0.0	0	NA
282	11	0.0	0	NA
282	12	0.0	0	NA
282	13	0.0	0	NA
282	14	0.0	0	NA
282	15	0.0	0	NA
283	1	399.0	0.0	0.0
283	2	193.0	0.253886010363	0.672504273584
283	3	40.0	0.175	0.439516863206
283	4	24.0	0.75	1.0
283	5	3.0	0.0	0.0
283	6	0.0	0	NA
283	7	0.0	0	NA
283	8	0.0	0	NA
283	9	0.0	0	NA
283	10	0.0	0	NA
283	11	0.0	0	NA
283	12	0.0	0	NA
283	13	0.0	0	NA
283	14	0.0	0	NA
283	15	0.0	0	NA
284	1	456.0	0.0	0.0
284	2	126.0	0.18253968254	0.441678981015
284	3	77.0	0.207792207792	0.492950177086
284	4	26.0	0.0769230769231	0.256741145965
284	5	8.0	0.25	0.520618393469
284	6	8.0	0.875	1.0
284	7	1.0	1.0	1.0
284	8	0.0	0	NA
284	9	0.0	0	NA
284	10	0.0	0	NA
284	11	0.0	0	NA
284	12	0.0	0	NA
284	13	0.0	0	NA
284	14	0.0	0	NA
284	15	0.0	0	NA
285	1	186.0	0.0	0.0
285	2	29.0	0.103448275862	0.27946289511
285	3	2.0	0.0	0.0
285	4	0.0	0	NA
285	5	0.0	0	NA
285	6	0.0	0	NA
285	7	0.0	0	NA
285	8	0.0	0	NA
285	9	0.0	0	NA
285	10	0.0	0	NA
285	11	0.0	0	NA
285	12	0.0	0	NA
285	13	0.0	0	NA
285	14	0.0	0	NA
285	15	0.0	0	NA
286	1	442.0	0.0	0.0
286	2	345.0	0.168115942029	0.397628661863
286	3	241.0	0.282157676349	0.650837397462
286	4	151.0	0.417218543046	0.938756726652
286	5	85.0	0.388235294118	1.0
286	6	60.0	0.666666666667	1.0
286	7	34.0	0.470588235294	1.0
286	8	23.0	0.652173913043	1.0
286	9	5.0	0.6	1.0
286	10	0.0	0	NA
286	11	3.0	1.0	1.0
286	12	0.0	0	NA
286	13	0.0	0	NA
286	14	0.0	0	NA
286	15	1.0	1.0	1.0
287	1	542.0	0.0	0.0
287	2	291.0	0.168384879725	0.43141648079
287	3	133.0	0.345864661654	0.817565485115
287	4	49.0	0.530612244898	1.0
287	5	16.0	0.1875	0.602727634467
287	6	4.0	0.25	0.6727244226
287	7	11.0	0.727272727273	1.0
287	8	3.0	0.333333333333	1.0
287	9	0.0	0	NA
287	10	0.0	0	NA
287	11	0.0	0	NA
287	12	0.0	0	NA
287	13	0.0	0	NA
287	14	0.0	0	NA
287	15	0.0	0	NA
288	1	256.0	0.0	0.0
288	2	71.0	0.338028169014	0.816414726672
288	3	11.0	0.0909090909091	0.157168032515
288	4	0.0	0	NA
288	5	1.0	0.0	0.0
288	6	0.0	0	NA
288	7	2.0	0.0	0.0
288	8	0.0	0	NA
288	9	0.0	0	NA
288	10	0.0	0	NA
288	11	0.0	0	NA
288	12	0.0	0	NA
288	13	0.0	0	NA
288	14	0.0	0	NA
288	15	0.0	0	NA
289	1	526.0	0.0	0.0
289	2	294.0	0.12925170068	0.325650808551
289	3	163.0	0.263803680982	0.639037464304
289	4	86.0	0.453488372093	1.0
289	5	59.0	0.491525423729	1.0
289	6	13.0	0.230769230769	1.0
289	7	10.0	0.4	1.0
289	8	4.0	0.0	0.0
289	9	4.0	0.5	1.0
289	10	4.0	0.75	1.0
289	11	0.0	0	NA
289	12	0.0	0	NA
289	13	0.0	0	NA
289	14	0.0	0	NA
289	15	0.0	0	NA
290	1	148.0	0.0	0.0
290	2	11.0	0.181818181818	0.465373525211
290	3	2.0	0.0	0.0
290	4	0.0	0	NA
290	5	0.0	0	NA
290	6	0.0	0	NA
290	7	0.0	0	NA
290	8	0.0	0	NA
290	9	0.0	0	NA
290	10	0.0	0	NA
290	11	0.0	0	NA
290	12	0.0	0	NA
290	13	0.0	0	NA
290	14	0.0	0	NA
290	15	0.0	0	NA
